Nr	TID	PID	x [pixel]	y [pixel]	t [sec]	I [val]	Len [pixel]	D2S [pixel]	D2R [pixel]	D2P [pixel]	v [pixel/sec]	α [deg]	Δα [deg]
1	1	1	549.5	734.833	0	37.4	0	0	NA	NA	NA	NA	NA
2	1	2	552.833	734.833	0	83.5	3.333	3.333	NA	3.333	NA	0	NA
3	1	3	554.167	738.167	0	44.4	6.923	5.735	NA	3.59	NA	68.199	68.199
4	1	4	554.167	738.167	0	15.4	6.923	5.735	NA	0	NA	0	-68.199
5	1	5	552.167	733.5	0	96.5	12.001	2.981	NA	5.077	NA	-113.199	-113.199
6	1	6	556.167	734.167	0	74.2	16.056	6.7	NA	4.055	NA	9.462	122.661
7	1	7	555.5	736.167	0	53.5	18.164	6.146	NA	2.108	NA	108.435	98.973
8	1	8	555.5	737.5	0	36.4	19.497	6.566	NA	1.333	NA	90	-18.435
9	1	9	555.5	737.5	0	59.4	19.497	6.566	NA	0	NA	0	-90
10	1	10	555.5	738.833	0	73.4	20.831	7.211	NA	1.333	NA	90	90
11	1	11	555.5	739.5	0	94.4	21.497	7.601	NA	0.667	NA	90	0
12	1	12	556.167	742.167	0	51.4	24.246	9.911	NA	2.749	NA	75.964	-14.036
13	1	13	556.167	743.5	0	52.4	25.579	10.934	NA	1.333	NA	90	14.036
14	1	14	556.167	744.833	0	69.5	26.913	12.019	NA	1.333	NA	90	0
15	1	15	556.167	746.167	0	60.5	28.246	13.149	NA	1.333	NA	90	0
16	1	16	556.167	746.167	0	61.5	28.246	13.149	NA	0	NA	0	-90
17	1	17	556.167	746.833	0	58.4	28.913	13.728	NA	0.667	NA	90	90
18	1	18	556.167	748.167	0	38.4	30.246	14.907	NA	1.333	NA	90	0
19	1	19	559.5	748.167	0	73.4	33.579	16.667	NA	3.333	NA	0	-90
20	1	20	560.833	748.167	0	62.5	34.913	17.499	NA	1.333	NA	0	0
21	1	21	562.167	748.167	0	28.4	36.246	18.391	NA	1.333	NA	0	0
22	1	22	562.167	745.5	0	71.4	38.913	16.56	NA	2.667	NA	-90	-90
23	1	23	564.167	745.5	0	65.4	40.913	18.135	NA	2	NA	0	90
24	1	24	566.167	745.5	0	62.5	42.913	19.788	NA	2	NA	0	0
25	1	25	566.167	746.167	0	60.5	43.579	20.155	NA	0.667	NA	90	90
26	1	26	566.167	746.167	0	76.5	43.579	20.155	NA	0	NA	0	-90
27	1	27	567.5	750.833	0	183.5	48.433	24.083	NA	4.853	NA	74.055	74.055
28	1	28	567.5	750.833	0	44.4	48.433	24.083	NA	0	NA	0	-74.055
29	1	29	567.5	753.5	0	122.4	51.099	25.932	NA	2.667	NA	90	90
30	1	30	566.167	755.5	0	65.4	53.503	26.55	NA	2.404	NA	123.69	33.69
31	1	31	566.167	757.5	0	83.5	55.503	28.135	NA	2	NA	90	-33.69
32	1	32	566.167	760.167	0	102.4	58.17	30.324	NA	2.667	NA	90	0
33	1	33	568.167	761.5	0	105.8	60.574	32.551	NA	2.404	NA	33.69	-56.31
34	1	34	568.167	761.5	0	51.4	60.574	32.551	NA	0	NA	0	-33.69
35	1	35	568.167	761.5	0	92.4	60.574	32.551	NA	0	NA	0	0
36	1	36	568.167	761.5	0	92.4	60.574	32.551	NA	0	NA	0	0
37	1	37	562.833	757.5	0	80.4	67.24	26.297	NA	6.667	NA	-143.13	-143.13
38	1	38	560.833	758.167	0	108.4	69.348	25.94	NA	2.108	NA	161.565	-55.305
39	1	39	564.167	758.833	0	31.4	72.748	28.127	NA	3.399	NA	11.31	-150.255
40	1	40	565.5	756.833	0	62.5	75.151	27.203	NA	2.404	NA	-56.31	-67.62
41	1	41	565.5	756.833	0	72.4	75.151	27.203	NA	0	NA	0	56.31
42	1	42	565.5	754.833	0	87.4	77.151	25.612	NA	2	NA	-90	-90
43	1	43	568	757.333	0	84	80.687	29.129	NA	3.536	NA	45	135
44	1	44	570.667	758.667	0	204.7	83.668	31.876	NA	2.981	NA	26.565	-18.435
45	1	45	570.667	758.667	0	193.2	83.668	31.876	NA	0	NA	0	-26.565
46	1	46	570.667	760	0	147	85.002	32.884	NA	1.333	NA	90	90
47	1	47	570.667	761.333	0	65	86.335	33.916	NA	1.333	NA	90	0
48	1	48	570.667	768	0	225.7	93.002	39.345	NA	6.667	NA	90	0
49	1	49	570.667	770.667	0	224.7	95.668	41.618	NA	2.667	NA	90	0
50	1	50	569.333	777.333	0	200	102.467	46.9	NA	6.799	NA	101.31	11.31
51	1	51	569.333	780	0	153.7	105.134	49.329	NA	2.667	NA	90	-11.31
52	1	52	569.333	780	0	234	105.134	49.329	NA	0	NA	0	-90
53	1	53	569.333	780	0	224.7	105.134	49.329	NA	0	NA	0	0
54	1	54	572	776	0	57	109.941	46.914	NA	4.807	NA	-56.31	-56.31
55	1	55	574.667	774.667	0	218.7	112.923	47.117	NA	2.981	NA	-26.565	29.745
56	1	56	576	774.667	0	225.7	114.256	47.843	NA	1.333	NA	0	26.565
57	1	57	576	774.667	0	220	114.256	47.843	NA	0	NA	0	0
58	1	58	578.667	774.667	0	223.6	116.923	49.37	NA	2.667	NA	0	0
59	1	59	578.667	773.333	0	209.7	118.256	48.301	NA	1.333	NA	-90	-90
60	1	60	580	774.667	0	228	120.142	50.169	NA	1.886	NA	45	135
61	1	61	580	777.333	0	234	122.808	52.312	NA	2.667	NA	90	45
62	1	62	580	782.667	0	239.7	128.142	56.73	NA	5.333	NA	90	0
63	1	63	580	786.667	0	164	132.142	60.141	NA	4	NA	90	0
64	1	64	580	789.333	0	232.7	134.808	62.454	NA	2.667	NA	90	0
65	1	65	580	793.333	0	171	138.808	65.973	NA	4	NA	90	0
66	1	66	576	796	0	74	143.616	66.66	NA	4.807	NA	146.31	56.31
67	1	67	569.333	793.333	0	230.6	150.796	61.771	NA	7.18	NA	-158.199	55.491
68	1	68	569.333	793.333	0	151	150.796	61.771	NA	0	NA	0	158.199
69	1	69	569.333	794.667	0	238.7	152.129	63.035	NA	1.333	NA	90	90
70	1	70	569.333	794.667	0	225.6	152.129	63.035	NA	0	NA	0	-90
71	1	71	569.333	786.667	0	75.4	160.129	55.498	NA	8	NA	-90	-90
72	1	72	568	784	0	44.3	163.111	52.532	NA	2.981	NA	-116.565	-26.565
73	1	73	566.667	780	0	22.3	167.327	48.319	NA	4.216	NA	-108.435	8.13
74	1	74	566.667	780	0	65.3	167.327	48.319	NA	0	NA	0	108.435
75	1	75	566.667	780	0	91.6	167.327	48.319	NA	0	NA	0	0
76	1	76	566.667	781.333	0	120.6	168.66	49.568	NA	1.333	NA	90	90
77	1	77	564	781.333	0	45.3	171.327	48.708	NA	2.667	NA	180	90
78	1	78	565.333	790.667	0	233.8	180.755	58.035	NA	9.428	NA	81.87	-98.13
79	1	79	565.333	790.667	0	98.8	180.755	58.035	NA	0	NA	0	-81.87
80	1	80	564	797.333	0	232.8	187.554	64.16	NA	6.799	NA	101.31	101.31
81	1	81	564	805.333	0	207.2	195.554	71.976	NA	8	NA	90	-11.31
82	1	82	564	808	0	243.2	198.22	74.59	NA	2.667	NA	90	0
83	1	83	564	809.333	0	233.6	199.554	75.898	NA	1.333	NA	90	0
84	1	84	565.333	809.333	0	106.8	200.887	76.164	NA	1.333	NA	0	-90
85	1	85	570.667	810.667	0	21.8	206.385	78.732	NA	5.497	NA	14.036	14.036
86	1	86	572	810.667	0	9.5	207.718	79.101	NA	1.333	NA	0	-14.036
87	1	87	574.667	810.667	0	217.8	210.385	79.9	NA	2.667	NA	0	0
88	1	88	577.333	808	0	175.8	214.156	78.282	NA	3.771	NA	-45	-45
89	1	89	577.333	806.667	0	103.8	215.489	77.037	NA	1.333	NA	-90	-45
90	1	90	577.333	806.667	0	77.8	215.489	77.037	NA	0	NA	0	90
91	1	91	576	806.667	0	25.8	216.822	76.566	NA	1.333	NA	180	180
92	1	92	573.333	809.333	0	20.8	220.594	78.219	NA	3.771	NA	135	-45
93	1	93	582.667	808	0	201	230.022	80.333	NA	9.428	NA	-8.13	-143.13
94	1	94	578.667	808	0	32.8	234.022	78.766	NA	4	NA	180	-171.87
95	1	95	578.667	817.333	0	230.2	243.355	87.504	NA	9.333	NA	90	-90
96	1	96	578.667	817.333	0	202.4	243.355	87.504	NA	0	NA	0	-90
97	1	97	578.667	818.667	0	92.1	244.688	88.762	NA	1.333	NA	90	90
98	1	98	576	824	0	54.4	250.651	93.021	NA	5.963	NA	116.565	26.565
99	1	99	576	825.333	0	119.8	251.985	94.3	NA	1.333	NA	90	-26.565
100	1	100	576	834.667	0	231.4	261.318	103.291	NA	9.333	NA	90	0
101	1	101	566.667	838.667	0	231.6	271.472	105.243	NA	10.154	NA	156.801	66.801
102	1	102	565.333	830.667	0	105.7	279.583	97.132	NA	8.11	NA	-99.462	103.736
103	1	103	565.333	830.667	0	98.7	279.583	97.132	NA	0	NA	0	99.462
104	1	104	558.667	828	0	114	286.763	93.617	NA	7.18	NA	-158.199	-158.199
105	1	105	560	826.667	0	66.5	288.648	92.432	NA	1.886	NA	-45	113.199
106	1	106	560	826.667	0	80.3	288.648	92.432	NA	0	NA	0	45
107	1	107	560	826.667	0	92.9	288.648	92.432	NA	0	NA	0	0
108	1	108	557.333	833.333	0	220.9	295.829	98.811	NA	7.18	NA	111.801	111.801
109	1	109	554.667	833.333	0	232.9	298.495	98.635	NA	2.667	NA	180	68.199
110	1	110	553.333	832	0	152.6	300.381	97.242	NA	1.886	NA	-135	45
111	1	111	557.333	832	0	78.9	304.381	97.482	NA	4	NA	0	135
112	1	112	557.333	846.667	0	231.6	319.048	112.107	NA	14.667	NA	90	90
113	1	113	557.333	852	0	231.4	324.381	117.428	NA	5.333	NA	90	0
114	1	114	557.333	852	0	235.1	324.381	117.428	NA	0	NA	0	-90
115	1	115	557.333	854.667	0	126.8	327.048	120.089	NA	2.667	NA	90	90
116	1	116	561.333	861.333	0	53.2	334.822	127.052	NA	7.775	NA	59.036	-30.964
117	1	117	562.667	870.667	0	232.6	344.25	136.47	NA	9.428	NA	81.87	22.834
118	1	118	562.667	872	0	225.5	345.584	137.797	NA	1.333	NA	90	8.13
119	1	119	562.667	872	0	54.5	345.584	137.797	NA	0	NA	0	-90
120	1	120	564	869.333	0	148.5	348.565	135.279	NA	2.981	NA	-63.435	-63.435
121	1	121	574.667	861.333	0	45.3	361.898	128.979	NA	13.333	NA	-36.87	26.565
122	1	122	574.667	861.333	0	39.6	361.898	128.979	NA	0	NA	0	36.87
123	1	123	576	861.333	0	69.9	363.232	129.246	NA	1.333	NA	0	0
124	1	124	576	868	0	189.5	369.898	135.778	NA	6.667	NA	90	90
125	1	125	576	869.333	0	228.1	371.232	137.086	NA	1.333	NA	90	0
126	1	126	584	866.667	0	214.3	379.665	136.273	NA	8.433	NA	-18.435	-108.435
127	1	127	576	868	0	137.2	387.775	135.778	NA	8.11	NA	170.538	-171.027
128	1	128	576	872	0	112.7	391.775	139.703	NA	4	NA	90	-80.538
129	1	129	576	877.333	0	128.1	397.108	144.943	NA	5.333	NA	90	0
130	1	130	576	892	0	231.2	411.775	159.385	NA	14.667	NA	90	0
131	1	131	572	890.667	0	133.5	415.991	157.449	NA	4.216	NA	-161.565	108.435
132	1	132	572	896	0	154.5	421.325	162.73	NA	5.333	NA	90	-108.435
133	1	133	572	901.333	0	157.1	426.658	168.013	NA	5.333	NA	90	0
134	1	134	572	906.667	0	167.7	431.991	173.3	NA	5.333	NA	90	0
135	1	135	572	913.333	0	44	438.658	179.912	NA	6.667	NA	90	0
136	1	136	572	913.333	0	159.1	438.658	179.912	NA	0	NA	0	-90
137	1	137	564	918.667	0	77.7	448.273	184.404	NA	9.615	NA	146.31	146.31
138	1	138	564	918.667	0	112.7	448.273	184.404	NA	0	NA	0	-146.31
139	1	139	564	918.667	0	125.3	448.273	184.404	NA	0	NA	0	0
140	1	140	556	925.333	0	228.2	458.686	190.611	NA	10.414	NA	140.194	140.194
141	1	141	554.667	913.333	0	74.3	470.76	178.575	NA	12.074	NA	-96.34	123.465
142	1	142	550.667	913.333	0	51.2	474.76	178.504	NA	4	NA	180	-83.66
143	1	143	548	913.333	0	51.2	477.427	178.506	NA	2.667	NA	180	0
144	1	144	548	913.333	0	70.5	477.427	178.506	NA	0	NA	0	-180
145	1	145	548	921.333	0	87.4	485.427	186.506	NA	8	NA	90	90
146	1	146	548	933.333	0	88.5	497.427	198.506	NA	12	NA	90	0
147	1	147	548	933.333	0	97.7	497.427	198.506	NA	0	NA	0	-90
148	1	148	548	934.667	0	97.3	498.76	199.839	NA	1.333	NA	90	90
149	1	149	548	952	0	102.3	516.094	217.172	NA	17.333	NA	90	0
150	1	150	548	961.333	0	103.3	525.427	226.505	NA	9.333	NA	90	0
151	1	151	548	970.667	0	98.7	534.76	235.838	NA	9.333	NA	90	0
152	1	152	548	976	0	106	540.094	241.171	NA	5.333	NA	90	0
153	1	153	548	976	0	123.4	540.094	241.171	NA	0	NA	0	-90
154	2	1	446.667	729.333	0	104.9	0	0	NA	NA	NA	NA	NA
155	2	2	445.333	726.667	0	83.5	2.981	2.981	NA	2.981	NA	-116.565	NA
156	2	3	442.667	726.667	0	126.9	5.648	4.807	NA	2.667	NA	180	-63.435
157	2	4	442.667	728	0	107.4	6.981	4.216	NA	1.333	NA	90	-90
158	2	5	442.667	728	0	111.5	6.981	4.216	NA	0	NA	0	-90
159	2	6	442.667	728	0	111.9	6.981	4.216	NA	0	NA	0	0
160	2	7	442.667	728	0	111.5	6.981	4.216	NA	0	NA	0	0
161	2	8	444	728	0	86.4	8.315	2.981	NA	1.333	NA	0	0
162	2	9	444	732	0	82.8	12.315	3.771	NA	4	NA	90	90
163	2	10	444	733.333	0	93.2	13.648	4.807	NA	1.333	NA	90	0
164	2	11	444	736	0	220.4	16.315	7.18	NA	2.667	NA	90	0
165	2	12	444	736	0	220.4	16.315	7.18	NA	0	NA	0	-90
166	2	13	444	736	0	222.4	16.315	7.18	NA	0	NA	0	0
167	2	14	444	733.333	0	75.5	18.981	4.807	NA	2.667	NA	-90	-90
168	2	15	445.333	737.333	0	204.5	23.198	8.11	NA	4.216	NA	71.565	161.565
169	2	16	442.667	730.667	0	85.4	30.378	4.216	NA	7.18	NA	-111.801	176.634
170	2	17	442.667	730.667	0	90.5	30.378	4.216	NA	0	NA	0	111.801
171	2	18	442.667	732	0	80.4	31.711	4.807	NA	1.333	NA	90	90
172	2	19	442.667	732	0	79.4	31.711	4.807	NA	0	NA	0	-90
173	2	20	442.667	738.667	0	211.5	38.378	10.154	NA	6.667	NA	90	90
174	2	21	440	732	0	26.9	45.558	7.18	NA	7.18	NA	-111.801	158.199
175	2	22	442.667	734.667	0	78.4	49.329	6.667	NA	3.771	NA	45	156.801
176	2	23	442.667	736	0	52.2	50.663	7.775	NA	1.333	NA	90	45
177	2	24	442.667	737.333	0	87	51.996	8.944	NA	1.333	NA	90	0
178	2	25	442.667	738.667	0	214.2	53.329	10.154	NA	1.333	NA	90	0
179	2	26	442.667	742.667	0	221.4	57.329	13.92	NA	4	NA	90	0
180	2	27	442.667	742.667	0	208.6	57.329	13.92	NA	0	NA	0	-90
181	2	28	442.667	742.667	0	222	57.329	13.92	NA	0	NA	0	0
182	2	29	442.667	744	0	221.2	58.663	15.202	NA	1.333	NA	90	90
183	2	30	442.667	744	0	213.4	58.663	15.202	NA	0	NA	0	-90
184	2	31	445.333	744	0	59.6	61.329	14.727	NA	2.667	NA	0	0
185	2	32	444	750.667	0	182	68.128	21.499	NA	6.799	NA	101.31	101.31
186	2	33	444	754.667	0	251	72.128	25.473	NA	4	NA	90	-11.31
187	2	34	444	754.667	0	207	72.128	25.473	NA	0	NA	0	-90
188	2	35	444	756	0	190	73.461	26.8	NA	1.333	NA	90	90
189	2	36	444	756	0	211.7	73.461	26.8	NA	0	NA	0	-90
190	2	37	444	756	0	217.7	73.461	26.8	NA	0	NA	0	0
191	2	38	445.333	760	0	209.7	77.678	30.696	NA	4.216	NA	71.565	71.565
192	2	39	445.333	760	0	213	77.678	30.696	NA	0	NA	0	-71.565
193	2	40	444	752	0	38.6	85.788	22.823	NA	8.11	NA	-99.462	-99.462
194	2	41	444	752	0	195.7	85.788	22.823	NA	0	NA	0	99.462
195	2	42	444	745.333	0	195.6	92.455	16.221	NA	6.667	NA	-90	-90
196	2	43	448	753.333	0	116.4	101.399	24.037	NA	8.944	NA	63.435	153.435
197	2	44	448	753.333	0	213.8	101.399	24.037	NA	0	NA	0	-63.435
198	2	45	448	750.667	0	208.6	104.066	21.375	NA	2.667	NA	-90	-90
199	2	46	446.667	745.333	0	46.6	109.563	16	NA	5.497	NA	-104.036	-14.036
200	2	47	449.333	740	0	114	115.526	10.995	NA	5.963	NA	-63.435	40.601
201	2	48	449.333	740	0	145	115.526	10.995	NA	0	NA	0	63.435
202	2	49	449.333	745.333	0	59.6	120.859	16.221	NA	5.333	NA	90	90
203	2	50	449.333	750.667	0	216.6	126.193	21.499	NA	5.333	NA	90	0
204	2	51	449.333	752	0	214	127.526	22.823	NA	1.333	NA	90	0
205	2	52	450.667	753.333	0	178	129.412	24.331	NA	1.886	NA	45	-45
206	2	53	450.667	754.667	0	225.8	130.745	25.647	NA	1.333	NA	90	45
207	2	54	450.667	754.667	0	206.2	130.745	25.647	NA	0	NA	0	-90
208	2	55	449.333	761.333	0	222.4	137.544	32.111	NA	6.799	NA	101.31	101.31
209	2	56	448	754.667	0	105	144.342	25.368	NA	6.799	NA	-101.31	157.38
210	2	57	448	752	0	108.2	147.009	22.706	NA	2.667	NA	-90	11.31
211	2	58	448	749.333	0	172	149.676	20.044	NA	2.667	NA	-90	0
212	2	59	448	748	0	225.7	151.009	18.714	NA	1.333	NA	-90	0
213	2	60	446.667	748	0	223.6	152.342	18.667	NA	1.333	NA	180	-90
214	2	61	446.667	760	0	243.2	164.342	30.667	NA	12	NA	90	-90
215	2	62	445.333	754.667	0	222.2	169.84	25.368	NA	5.497	NA	-104.036	165.964
216	2	63	445.333	754.667	0	201.2	169.84	25.368	NA	0	NA	0	104.036
217	2	64	445.333	757.333	0	169.9	172.507	28.032	NA	2.667	NA	90	90
218	2	65	445.333	758.667	0	178.9	173.84	29.364	NA	1.333	NA	90	0
219	2	66	440	760	0	125.5	179.337	31.383	NA	5.497	NA	165.964	75.964
220	2	67	438.667	762.667	0	217.7	182.319	34.28	NA	2.981	NA	116.565	-49.399
221	2	68	438.667	768	0	221.4	187.652	39.486	NA	5.333	NA	90	-26.565
222	2	69	438.667	769.333	0	221.4	188.986	40.792	NA	1.333	NA	90	0
223	2	70	438.667	772	0	218.6	191.652	43.41	NA	2.667	NA	90	0
224	2	71	437.333	776	0	220.8	195.869	47.591	NA	4.216	NA	108.435	18.435
225	2	72	437.333	780	0	218.8	199.869	51.519	NA	4	NA	90	-18.435
226	2	73	437.333	776	0	211.7	203.869	47.591	NA	4	NA	-90	-180
227	2	74	436	776	0	140.7	205.202	47.87	NA	1.333	NA	180	-90
228	2	75	436	776	0	116.6	205.202	47.87	NA	0	NA	0	-180
229	2	76	433.333	777.333	0	103.6	208.183	49.817	NA	2.981	NA	153.435	153.435
230	2	77	433.333	777.333	0	68.6	208.183	49.817	NA	0	NA	0	-153.435
231	2	78	433.333	776	0	75.6	209.517	48.534	NA	1.333	NA	-90	-90
232	2	79	432	774.667	0	72.5	211.402	47.647	NA	1.886	NA	-135	-45
233	2	80	432	774.667	0	176.8	211.402	47.647	NA	0	NA	0	135
234	2	81	432	773.333	0	221	212.736	46.38	NA	1.333	NA	-90	-90
235	2	82	432	768	0	96.6	218.069	41.355	NA	5.333	NA	-90	0
236	2	83	432	768	0	105	218.069	41.355	NA	0	NA	0	90
237	2	84	432	774.667	0	225	224.736	47.647	NA	6.667	NA	90	90
238	2	85	429.333	778.667	0	228	229.543	52.29	NA	4.807	NA	123.69	33.69
239	2	86	428	784	0	223.4	235.04	57.766	NA	5.497	NA	104.036	-19.654
240	2	87	424	786.667	0	223	239.848	61.651	NA	4.807	NA	146.31	42.274
241	2	88	420	786.667	0	223.2	243.848	63.231	NA	4	NA	180	33.69
242	2	89	418.667	786.667	0	189.6	245.181	63.805	NA	1.333	NA	180	0
243	2	90	418.667	780	0	116.2	251.848	57.889	NA	6.667	NA	-90	90
244	2	91	418.667	773.333	0	126.6	258.515	52.154	NA	6.667	NA	-90	0
245	2	92	418.667	772	0	88.2	259.848	51.034	NA	1.333	NA	-90	0
246	2	93	418.667	772	0	210.6	259.848	51.034	NA	0	NA	0	90
247	2	94	413.333	766.667	0	122.5	267.39	50.049	NA	7.542	NA	-135	-135
248	2	95	410.667	769.333	0	120	271.162	53.814	NA	3.771	NA	135	-90
249	2	96	410.667	774.667	0	111.4	276.495	57.889	NA	5.333	NA	90	-45
250	2	97	408	781.333	0	87.3	283.675	64.801	NA	7.18	NA	111.801	21.801
251	2	98	402.667	788	0	229	292.213	73.333	NA	8.537	NA	128.66	16.858
252	2	99	401.333	788	0	76.6	293.546	74.141	NA	1.333	NA	180	51.34
253	2	100	401.333	792	0	77.6	297.546	77.345	NA	4	NA	90	-90
254	2	101	400	798.667	0	244	304.345	83.576	NA	6.799	NA	101.31	11.31
255	2	102	400	800	0	175.4	305.678	84.685	NA	1.333	NA	90	-11.31
256	2	103	400	806.667	0	225.8	312.345	90.323	NA	6.667	NA	90	0
257	2	104	400	806.667	0	231.8	312.345	90.323	NA	0	NA	0	-90
258	2	105	398.667	816	0	233.8	321.773	99.071	NA	9.428	NA	98.13	98.13
259	2	106	393.333	809.333	0	155.6	330.31	96.148	NA	8.537	NA	-128.66	133.21
260	2	107	393.333	808	0	71.9	331.644	95.042	NA	1.333	NA	-90	38.66
261	2	108	392	808	0	77.6	332.977	95.796	NA	1.333	NA	180	-90
262	2	109	390.667	808	0	78.9	334.31	96.563	NA	1.333	NA	180	0
263	2	110	386.667	806.667	0	74.6	338.527	97.88	NA	4.216	NA	-161.565	18.435
264	2	111	386.667	804	0	119.6	341.193	95.787	NA	2.667	NA	-90	71.565
265	2	112	386.667	800	0	175.4	345.193	92.703	NA	4	NA	-90	0
266	2	113	385.333	793.333	0	86.1	351.992	88.644	NA	6.799	NA	-101.31	-11.31
267	2	114	385.333	789.333	0	118.8	355.992	85.801	NA	4	NA	-90	11.31
268	2	115	384	793.333	0	83.8	360.208	89.572	NA	4.216	NA	108.435	-161.565
269	2	116	384	790.667	0	95.3	362.875	87.686	NA	2.667	NA	-90	161.565
270	2	117	380	802.667	0	130.5	375.524	99.107	NA	12.649	NA	108.435	-161.565
271	2	118	380	809.333	0	97.6	382.191	104.137	NA	6.667	NA	90	-18.435
272	2	119	380	814.667	0	129.3	387.524	108.288	NA	5.333	NA	90	0
273	2	120	377.333	826.667	0	95.6	399.817	119.503	NA	12.293	NA	102.529	12.529
274	2	121	366.667	826.667	0	115.3	410.484	125.991	NA	10.667	NA	180	77.471
275	2	122	364	820	0	196.5	417.664	122.696	NA	7.18	NA	-111.801	68.199
276	2	123	364	814.667	0	99.5	422.997	118.809	NA	5.333	NA	-90	21.801
277	2	124	358.667	802.667	0	119.8	436.129	114.55	NA	13.132	NA	-113.962	-23.962
278	2	125	354.667	802.667	0	203.4	440.129	117.651	NA	4	NA	180	-66.038
279	2	126	350.667	805.333	0	109.2	444.936	122.442	NA	4.807	NA	146.31	-33.69
280	2	127	350.667	806.667	0	124.7	446.27	123.274	NA	1.333	NA	90	-56.31
281	2	128	345.333	821.333	0	231.2	461.876	136.867	NA	15.606	NA	109.983	19.983
282	2	129	340	821.333	0	88.7	467.209	140.861	NA	5.333	NA	180	70.017
283	2	130	338.667	820	0	99	469.095	141.012	NA	1.886	NA	-135	45
284	2	131	338.667	820	0	92.9	469.095	141.012	NA	0	NA	0	135
285	2	132	336	821.333	0	120.9	472.076	143.914	NA	2.981	NA	153.435	153.435
286	2	133	330.667	830.667	0	88.7	482.826	154.027	NA	10.75	NA	119.745	-33.69
287	2	134	329.333	833.333	0	114.7	485.807	156.79	NA	2.981	NA	116.565	-3.18
288	2	135	324	841.333	0	80.1	495.422	166.106	NA	9.615	NA	123.69	7.125
289	2	136	324	849.333	0	93.7	503.422	171.602	NA	8	NA	90	-33.69
290	2	137	324	856	0	166.5	510.089	176.328	NA	6.667	NA	90	0
291	2	138	324	856	0	134.9	510.089	176.328	NA	0	NA	0	-90
292	2	139	317.333	860	0	98.7	517.863	183.85	NA	7.775	NA	149.036	149.036
293	2	140	312	860	0	120.7	523.197	187.64	NA	5.333	NA	180	30.964
294	2	141	310.667	860	0	110.4	524.53	188.6	NA	1.333	NA	180	0
295	2	142	310.667	860	0	99.7	524.53	188.6	NA	0	NA	0	-180
296	2	143	305.333	861.333	0	79.1	530.028	193.388	NA	5.497	NA	165.964	165.964
297	2	144	305.333	864	0	208.1	532.694	195.218	NA	2.667	NA	90	-75.964
298	2	145	305.333	866.667	0	158	535.361	197.067	NA	2.667	NA	90	0
299	2	146	298.667	852	0	182.5	551.472	192.227	NA	16.111	NA	-114.444	155.556
300	2	147	304	840	0	229.2	564.603	180.557	NA	13.132	NA	-66.038	48.406
301	2	148	304	848	0	122	572.603	185.568	NA	8	NA	90	156.038
302	2	149	304	848	0	90.3	572.603	185.568	NA	0	NA	0	-90
303	2	150	289.333	860	0	64.7	591.554	204.518	NA	18.95	NA	140.711	140.711
304	2	151	289.333	877.333	0	205.7	608.887	216.004	NA	17.333	NA	90	-50.711
305	2	152	289.333	877.333	0	128.9	608.887	216.004	NA	0	NA	0	-90
306	2	153	272	904	0	230.7	640.692	247.016	NA	31.805	NA	123.024	123.024
307	2	154	270.667	896	0	159.5	648.802	242.392	NA	8.11	NA	-99.462	137.514
308	2	155	268	896	0	120.5	651.469	244.335	NA	2.667	NA	180	-80.538
309	2	156	258.667	892	0	129.1	661.623	248.605	NA	10.154	NA	-156.801	23.199
310	2	157	256	892	0	120.5	664.29	250.628	NA	2.667	NA	180	-23.199
311	2	158	241.333	890.667	0	104.5	679.017	261.133	NA	14.727	NA	-174.806	5.194
312	2	159	237.333	881.333	0	92.8	689.172	258.698	NA	10.154	NA	-113.199	61.607
313	2	160	226.667	878.667	0	96.5	700.166	265.896	NA	10.995	NA	-165.964	-52.765
314	2	161	225.333	886.667	0	144.3	708.277	271.555	NA	8.11	NA	99.462	-94.574
315	2	162	221.333	893.333	0	90.3	716.051	278.695	NA	7.775	NA	120.964	21.501
316	2	163	212	893.333	0	164	725.385	286.294	NA	9.333	NA	180	59.036
317	2	164	198.667	898.667	0	126.7	739.745	300.296	NA	14.36	NA	158.199	-21.801
318	2	165	194.667	914.667	0	106	756.238	312.814	NA	16.492	NA	104.036	-54.162
319	2	166	188	920	0	140.7	764.775	321.344	NA	8.537	NA	141.34	37.304
320	2	167	185.333	922.667	0	166.3	768.546	325.074	NA	3.771	NA	135	-6.34
321	2	168	180	926.667	0	145.3	775.213	331.74	NA	6.667	NA	143.13	8.13
322	2	169	168	929.333	0	201.1	787.506	343.009	NA	12.293	NA	167.471	24.341
323	2	170	162.667	946.667	0	136.9	805.641	357.617	NA	18.135	NA	107.103	-60.368
324	2	171	158.667	960	0	116.3	819.561	368.987	NA	13.92	NA	106.699	-0.403
325	3	1	538.667	850.667	0	2.2	0	0	NA	NA	NA	NA	NA
326	3	2	540	853.333	0	1.2	2.981	2.981	NA	2.981	NA	63.435	NA
327	3	3	540	854.667	0	1.2	4.315	4.216	NA	1.333	NA	90	26.565
328	3	4	540	856	0	2.2	5.648	5.497	NA	1.333	NA	90	0
329	3	5	541.333	858.667	0	2.2	8.63	8.433	NA	2.981	NA	63.435	-26.565
330	3	6	538.667	852	0	2.2	15.81	1.333	NA	7.18	NA	-111.801	-175.236
331	3	7	542.667	857.333	0	1.2	22.476	7.775	NA	6.667	NA	53.13	164.932
332	3	8	542.667	857.333	0	1.2	22.476	7.775	NA	0	NA	0	-53.13
333	3	9	541.333	857.333	0	1.2	23.81	7.18	NA	1.333	NA	180	180
334	3	10	541.333	857.333	0	1.2	23.81	7.18	NA	0	NA	0	-180
335	3	11	541.333	857.333	0	1.2	23.81	7.18	NA	0	NA	0	0
336	3	12	541.333	857.333	0	1.2	23.81	7.18	NA	0	NA	0	0
337	3	13	541.333	857.333	0	1.2	23.81	7.18	NA	0	NA	0	0
338	3	14	541.333	857.333	0	1.2	23.81	7.18	NA	0	NA	0	0
339	3	15	541.333	857.333	0	1.2	23.81	7.18	NA	0	NA	0	0
340	3	16	541.333	857.333	0	1.2	23.81	7.18	NA	0	NA	0	0
341	3	17	541.333	857.333	0	1.2	23.81	7.18	NA	0	NA	0	0
342	3	18	541.333	857.333	0	1.2	23.81	7.18	NA	0	NA	0	0
343	3	19	541.333	857.333	0	1.2	23.81	7.18	NA	0	NA	0	0
344	3	20	541.333	857.333	0	1.2	23.81	7.18	NA	0	NA	0	0
345	3	21	541.333	857.333	0	1.2	23.81	7.18	NA	0	NA	0	0
346	3	22	541.333	857.333	0	0.2	23.81	7.18	NA	0	NA	0	0
347	3	23	541.333	857.333	0	2.2	23.81	7.18	NA	0	NA	0	0
348	3	24	541.333	857.333	0	1.2	23.81	7.18	NA	0	NA	0	0
349	3	25	541.333	857.333	0	1.2	23.81	7.18	NA	0	NA	0	0
350	3	26	541.333	857.333	0	1	23.81	7.18	NA	0	NA	0	0
351	3	27	541.333	857.333	0	1	23.81	7.18	NA	0	NA	0	0
352	3	28	541.333	857.333	0	1	23.81	7.18	NA	0	NA	0	0
353	3	29	541.333	857.333	0	1	23.81	7.18	NA	0	NA	0	0
354	3	30	541.333	857.333	0	2.2	23.81	7.18	NA	0	NA	0	0
355	3	31	544	868	0	2	34.805	18.135	NA	10.995	NA	75.964	75.964
356	3	32	544	868	0	2	34.805	18.135	NA	0	NA	0	-75.964
357	3	33	544	869.333	0	2.2	36.138	19.414	NA	1.333	NA	90	90
358	3	34	544	870.667	0	2.2	37.471	20.699	NA	1.333	NA	90	0
359	3	35	544	872	0	2.2	38.805	21.99	NA	1.333	NA	90	0
360	3	36	546.667	873.333	0	2	41.786	24.037	NA	2.981	NA	26.565	-63.435
361	3	37	546.667	873.333	0	3.3	41.786	24.037	NA	0	NA	0	-26.565
362	3	38	549.333	881.333	0	2	50.219	32.469	NA	8.433	NA	71.565	71.565
363	3	39	549.333	881.333	0	2	50.219	32.469	NA	0	NA	0	-71.565
364	3	40	549.333	881.333	0	2.2	50.219	32.469	NA	0	NA	0	0
365	3	41	549.333	878.667	0	2	52.886	29.963	NA	2.667	NA	-90	-90
366	3	42	548	878.667	0	2.2	54.219	29.515	NA	1.333	NA	180	-90
367	3	43	548	878.667	0	2.2	54.219	29.515	NA	0	NA	0	-180
368	3	44	548	878.667	0	2.2	54.219	29.515	NA	0	NA	0	0
369	3	45	548	878.667	0	2.2	54.219	29.515	NA	0	NA	0	0
370	3	46	548	888	0	2.2	63.552	38.482	NA	9.333	NA	90	90
371	3	47	548	896	0	2.2	71.552	46.284	NA	8	NA	90	0
372	3	48	548	896	0	2.2	71.552	46.284	NA	0	NA	0	-90
373	3	49	548	906.667	0	3	82.219	56.772	NA	10.667	NA	90	90
374	3	50	550.667	912	0	4.6	88.182	62.496	NA	5.963	NA	63.435	-26.565
375	3	51	550.667	913.333	0	5.6	89.515	63.805	NA	1.333	NA	90	26.565
376	3	52	550.667	913.333	0	3.3	89.515	63.805	NA	0	NA	0	-90
377	3	53	550.667	913.333	0	4.6	89.515	63.805	NA	0	NA	0	0
378	3	54	550.667	908	0	5.6	94.848	58.576	NA	5.333	NA	-90	-90
379	3	55	550.667	905.333	0	5	97.515	55.968	NA	2.667	NA	-90	0
380	3	56	550.667	908	0	4.6	100.182	58.576	NA	2.667	NA	90	180
381	3	57	550.667	909.333	0	6	101.515	59.881	NA	1.333	NA	90	0
382	3	58	550.667	909.333	0	3	101.515	59.881	NA	0	NA	0	-90
383	3	59	550.667	906.667	0	2	104.182	57.271	NA	2.667	NA	-90	-90
384	3	60	550.667	906.667	0	2	104.182	57.271	NA	0	NA	0	90
385	3	61	550.667	910.667	0	3	108.182	61.188	NA	4	NA	90	90
386	3	62	550.667	905.333	0	2	113.515	55.968	NA	5.333	NA	-90	-180
387	3	63	550.667	905.333	0	2	113.515	55.968	NA	0	NA	0	90
388	3	64	550.667	909.333	0	1	117.515	59.881	NA	4	NA	90	90
389	3	65	550.667	910.667	0	1.2	118.848	61.188	NA	1.333	NA	90	0
390	3	66	550.667	921.333	0	2.2	129.515	71.678	NA	10.667	NA	90	0
391	3	67	550.667	924	0	2.2	132.182	74.309	NA	2.667	NA	90	0
392	3	68	552	924	0	2.2	133.515	74.536	NA	1.333	NA	0	-90
393	3	69	552	924	0	1.2	133.515	74.536	NA	0	NA	0	0
394	3	70	552	924	0	1	133.515	74.536	NA	0	NA	0	0
395	3	71	553.333	930.667	0	2.2	140.314	81.333	NA	6.799	NA	78.69	78.69
396	3	72	554.667	933.333	0	1	143.295	84.201	NA	2.981	NA	63.435	-15.255
397	3	73	554.667	934.667	0	1	144.628	85.51	NA	1.333	NA	90	26.565
398	3	74	556	937.333	0	1	147.61	88.383	NA	2.981	NA	63.435	-26.565
399	3	75	556	938.667	0	1	148.943	89.691	NA	1.333	NA	90	26.565
400	3	76	556	934.667	0	2.2	152.943	85.77	NA	4	NA	-90	-180
401	3	77	554.667	933.333	0	1	154.829	84.201	NA	1.886	NA	-135	-45
402	3	78	552	932	0	1.2	157.81	82.419	NA	2.981	NA	-153.435	-18.435
403	3	79	552	937.333	0	1.2	163.144	87.686	NA	5.333	NA	90	-116.565
404	3	80	552	942.667	0	1.2	168.477	92.961	NA	5.333	NA	90	0
405	3	81	552	945.333	0	1	171.144	95.601	NA	2.667	NA	90	0
406	3	82	552	949.333	0	2.2	175.144	99.563	NA	4	NA	90	0
407	3	83	552	953.333	0	3.3	179.144	103.529	NA	4	NA	90	0
408	3	84	552	964	0	5.6	189.81	114.115	NA	10.667	NA	90	0
409	3	85	552	965.333	0	8.2	191.144	115.439	NA	1.333	NA	90	0
410	3	86	552	968	0	9.4	193.81	118.088	NA	2.667	NA	90	0
411	3	87	552	969.333	0	7.8	195.144	119.413	NA	1.333	NA	90	0
412	3	88	561	972	0	5.8	204.53	123.372	NA	9.387	NA	16.504	-73.496
413	3	89	558	960	0	5.6	216.9	111.03	NA	12.369	NA	-104.036	-120.541
414	3	90	558	963	0	4.6	219.9	113.985	NA	3	NA	90	-165.964
415	3	91	558	966	0	4.6	222.9	116.943	NA	3	NA	90	0
416	3	92	555	969	0	4.6	227.142	119.455	NA	4.243	NA	135	45
417	3	93	552	969	0	5.6	230.142	119.082	NA	3	NA	180	45
418	3	94	549	975	0	4.6	236.851	124.762	NA	6.708	NA	116.565	-63.435
419	3	95	540	975	0	4.8	245.851	124.34	NA	9	NA	180	63.435
420	3	96	549	987	0	2.2	260.851	136.724	NA	15	NA	53.13	-126.87
421	3	97	549	987	0	2.2	260.851	136.724	NA	0	NA	0	-53.13
422	3	98	549	996	0	2.2	269.851	145.7	NA	9	NA	90	90
423	3	99	549	996	0	2.2	269.851	145.7	NA	0	NA	0	-90
424	3	100	549	996	0	2.2	269.851	145.7	NA	0	NA	0	0
425	3	101	549	993	0	2.2	272.851	142.708	NA	3	NA	-90	-90
426	3	102	549	993	0	1.2	272.851	142.708	NA	0	NA	0	90
427	3	103	549	993	0	2.2	272.851	142.708	NA	0	NA	0	0
428	3	104	555	996	0	2.2	279.559	146.248	NA	6.708	NA	26.565	26.565
429	3	105	555	999	0	1.2	282.559	149.23	NA	3	NA	90	63.435
430	3	106	555	1002	0	1.2	285.559	152.212	NA	3	NA	90	0
431	3	107	555	1002	0	1.2	285.559	152.212	NA	0	NA	0	-90
432	3	108	555	1002	0	1.2	285.559	152.212	NA	0	NA	0	0
433	3	109	543	1005	0	2.2	297.928	154.394	NA	12.369	NA	165.964	165.964
434	3	110	543	1005	0	2.2	297.928	154.394	NA	0	NA	0	-165.964
435	3	111	543	1005	0	2.2	297.928	154.394	NA	0	NA	0	0
436	3	112	540	1014	0	3.3	307.415	163.339	NA	9.487	NA	108.435	108.435
437	3	113	537	1032	0	2.2	325.663	181.341	NA	18.248	NA	99.462	-8.973
438	3	114	537	1038	0	2.2	331.663	187.341	NA	6	NA	90	-9.462
439	3	115	537	1080	0	3.3	373.663	229.339	NA	42	NA	90	0
440	3	116	537	1074	0	5.8	379.663	223.34	NA	6	NA	-90	-180
441	3	117	537	1074	0	7.8	379.663	223.34	NA	0	NA	0	90
442	3	118	537	1080	0	9	385.663	229.339	NA	6	NA	90	90
443	3	119	537	1080	0	10.1	385.663	229.339	NA	0	NA	0	-90
444	3	120	537	1080	0	10.1	385.663	229.339	NA	0	NA	0	0
445	3	121	537	1080	0	9	385.663	229.339	NA	0	NA	0	0
446	3	122	534	1083	0	7.8	389.906	232.38	NA	4.243	NA	135	135
447	3	123	531	1080	0	6	394.148	229.461	NA	4.243	NA	-135	90
448	3	124	534	1071	0	5.8	403.635	220.383	NA	9.487	NA	-71.565	63.435
449	3	125	534	1071	0	4.6	403.635	220.383	NA	0	NA	0	71.565
450	3	126	522	1101	0	6.8	435.946	250.888	NA	32.311	NA	111.801	111.801
451	3	127	531	1104	0	4.8	445.433	253.449	NA	9.487	NA	18.435	-93.366
452	3	128	534	1104	0	5.8	448.433	253.376	NA	3	NA	0	-18.435
453	3	129	537	1104	0	4.8	451.433	253.339	NA	3	NA	0	0
454	3	130	537	1104	0	2.4	451.433	253.339	NA	0	NA	0	0
455	3	131	534	1101	0	0.8	455.676	250.377	NA	4.243	NA	-135	-135
456	3	132	534	1104	0	2.4	458.676	253.376	NA	3	NA	90	-135
457	3	133	534	1104	0	2.4	458.676	253.376	NA	0	NA	0	-90
458	3	134	537	1116	0	0.8	471.045	265.339	NA	12.369	NA	75.964	75.964
459	3	135	537	1116	0	2.4	471.045	265.339	NA	0	NA	0	-75.964
460	3	136	537	1116	0	0.8	471.045	265.339	NA	0	NA	0	0
461	3	137	537	1116	0	2.2	471.045	265.339	NA	0	NA	0	0
462	3	138	537	1116	0	1.2	471.045	265.339	NA	0	NA	0	0
463	3	139	537	1116	0	1.2	471.045	265.339	NA	0	NA	0	0
464	3	140	537	1116	0	2.2	471.045	265.339	NA	0	NA	0	0
465	3	141	537	1116	0	0.8	471.045	265.339	NA	0	NA	0	0
466	3	142	537	1116	0	2.4	471.045	265.339	NA	0	NA	0	0
467	3	143	528	1167	0	3.3	522.833	316.513	NA	51.788	NA	100.008	100.008
468	3	144	528	1158	0	4.6	531.833	307.518	NA	9	NA	-90	169.992
469	3	145	528	1158	0	3.5	531.833	307.518	NA	0	NA	0	90
470	3	146	528	1158	0	3.5	531.833	307.518	NA	0	NA	0	0
471	3	147	510	1176	0	4.4	557.289	326.594	NA	25.456	NA	135	135
472	3	148	510	1176	0	6	557.289	326.594	NA	0	NA	0	-135
473	3	149	513	1182	0	9.3	563.997	332.326	NA	6.708	NA	63.435	63.435
474	3	150	513	1224	0	11.4	605.997	374.215	NA	42	NA	90	26.565
475	3	151	516	1245	0	12.6	627.21	394.984	NA	21.213	NA	81.87	-8.13
476	3	152	519	1248	0	13.8	631.453	397.82	NA	4.243	NA	45	-36.87
477	3	153	519	1248	0	10.6	631.453	397.82	NA	0	NA	0	-45
478	3	154	522	1275	0	15.1	658.619	424.661	NA	27.166	NA	83.66	83.66
479	3	155	522	1299	0	12.8	682.619	448.643	NA	24	NA	90	6.34
480	3	156	525	1311	0	12.5	694.988	460.536	NA	12.369	NA	75.964	-14.036
481	3	157	525	1311	0	12.6	694.988	460.536	NA	0	NA	0	-75.964
482	3	158	519	1317	0	11.2	703.474	466.748	NA	8.485	NA	135	135
483	3	159	522	1317	0	11.2	706.474	466.631	NA	3	NA	0	-135
484	3	160	522	1317	0	10.6	706.474	466.631	NA	0	NA	0	0
485	3	161	522	1317	0	9.5	706.474	466.631	NA	0	NA	0	0
486	3	162	519	1356	0	7.9	745.589	505.716	NA	39.115	NA	94.399	94.399
487	3	163	519	1359	0	7.9	748.589	508.714	NA	3	NA	90	-4.399
488	3	164	519	1368	0	6.8	757.589	517.707	NA	9	NA	90	0
489	3	165	519	1368	0	5.6	757.589	517.707	NA	0	NA	0	-90
490	3	166	504	1362	0	6.6	773.744	512.507	NA	16.155	NA	-158.199	-158.199
491	3	167	513	1365	0	5.6	783.231	514.973	NA	9.487	NA	18.435	176.634
492	3	168	516	1368	0	4.4	787.474	517.83	NA	4.243	NA	45	26.565
493	3	169	507	1368	0	4.4	796.474	518.302	NA	9	NA	180	135
494	3	170	504	1374	0	4.6	803.182	524.48	NA	6.708	NA	116.565	-63.435
495	3	171	504	1377	0	4.4	806.182	527.474	NA	3	NA	90	-26.565
496	3	172	504	1410	0	4.4	839.182	560.407	NA	33	NA	90	0
497	3	173	504	1413	0	4.4	842.182	563.401	NA	3	NA	90	0
498	3	174	504	1413	0	4.4	842.182	563.401	NA	0	NA	0	-90
499	3	175	507	1422	0	7	851.669	572.21	NA	9.487	NA	71.565	71.565
500	3	176	513	1425	0	4.4	858.377	574.907	NA	6.708	NA	26.565	-45
501	3	177	501	1428	0	6.8	870.746	578.561	NA	12.369	NA	165.964	139.399
502	3	178	474	1452	0	11.2	906.871	604.8	NA	36.125	NA	138.366	-27.597
503	3	179	471	1467	0	12.5	922.168	620.037	NA	15.297	NA	101.31	-37.057
504	3	180	468	1509	0	10.6	964.275	662.115	NA	42.107	NA	94.086	-7.224
505	3	181	459	1530	0	9.5	987.123	683.989	NA	22.847	NA	113.199	19.113
506	3	182	438	1530	0	10.6	1008.123	686.751	NA	21	NA	180	66.801
507	3	183	429	1587	0	10.6	1065.829	744.455	NA	57.706	NA	98.973	-81.027
508	3	184	420	1599	0	11.2	1080.829	757.684	NA	15	NA	126.87	27.897
509	3	185	420	1614	0	14.7	1095.829	772.502	NA	15	NA	90	-36.87
510	3	186	414	1635	0	20.7	1117.669	794.179	NA	21.84	NA	105.945	15.945
511	3	187	408	1653	0	21.7	1136.643	812.904	NA	18.974	NA	108.435	2.49
512	3	188	408	1653	0	11.2	1136.643	812.904	NA	0	NA	0	-108.435
