Nr	TID	PID	x [pixel]	y [pixel]	t [sec]	I [val]	Len [pixel]	D2S [pixel]	D2R [pixel]	D2P [pixel]	v [pixel/sec]	α [deg]	Δα [deg]
1	1	1	532	800	0	212.1	0	0	NA	NA	NA	NA	NA
2	1	2	532	796	0	42.1	4	4	NA	4	NA	-90	NA
3	1	3	532	796	0	62.5	4	4	NA	0	NA	0	90
4	1	4	532	796	0	44	4	4	NA	0	NA	0	0
5	1	5	536	804	0	212.1	12.944	5.657	NA	8.944	NA	63.435	63.435
6	1	6	536	808	0	0	16.944	8.944	NA	4	NA	90	26.565
7	1	7	536	808	0	5.8	16.944	8.944	NA	0	NA	0	-90
8	1	8	536	816	0	1	24.944	16.492	NA	8	NA	90	90
9	1	9	536	816	0	0.6	24.944	16.492	NA	0	NA	0	-90
10	1	10	536	816	0	2.4	24.944	16.492	NA	0	NA	0	0
11	1	11	536	808	0	217.5	32.944	8.944	NA	8	NA	-90	-90
12	1	12	528	808	0	232.9	40.944	8.944	NA	8	NA	180	-90
13	1	13	528	808	0	221.3	40.944	8.944	NA	0	NA	0	-180
14	1	14	528	808	0	212.3	40.944	8.944	NA	0	NA	0	0
15	1	15	524	808	0	60.2	44.944	11.314	NA	4	NA	180	180
16	1	16	524	808	0	145.4	44.944	11.314	NA	0	NA	0	-180
17	1	17	520	808	0	186.7	48.944	14.422	NA	4	NA	180	180
18	1	18	536	812	0	211.9	65.437	12.649	NA	16.492	NA	14.036	-165.964
19	1	19	540	812	0	206.9	69.437	14.422	NA	4	NA	0	-14.036
20	1	20	548	808	0	179.3	78.381	17.889	NA	8.944	NA	-26.565	-26.565
21	1	21	548	808	0	195.7	78.381	17.889	NA	0	NA	0	26.565
22	1	22	548	808	0	142.3	78.381	17.889	NA	0	NA	0	0
23	1	23	548	816	0	139.9	86.381	22.627	NA	8	NA	90	90
24	1	24	548	816	0	208.8	86.381	22.627	NA	0	NA	0	-90
25	1	25	548	816	0	211.9	86.381	22.627	NA	0	NA	0	0
26	1	26	548	816	0	203.5	86.381	22.627	NA	0	NA	0	0
27	1	27	548	808	0	21.4	94.381	17.889	NA	8	NA	-90	-90
28	1	28	548	808	0	30	94.381	17.889	NA	0	NA	0	90
29	1	29	548	808	0	4.7	94.381	17.889	NA	0	NA	0	0
30	1	30	548	808	0	28	94.381	17.889	NA	0	NA	0	0
31	1	31	548	808	0	39.5	94.381	17.889	NA	0	NA	0	0
32	1	32	548	808	0	33.5	94.381	17.889	NA	0	NA	0	0
33	1	33	548	816	0	61.6	102.381	22.627	NA	8	NA	90	90
34	1	34	548	816	0	70.9	102.381	22.627	NA	0	NA	0	-90
35	1	35	548	824	0	67.4	110.381	28.844	NA	8	NA	90	90
36	1	36	548	828	0	3	114.381	32.249	NA	4	NA	90	0
37	1	37	548	828	0	1.5	114.381	32.249	NA	0	NA	0	-90
38	1	38	548	828	0	37	114.381	32.249	NA	0	NA	0	0
39	1	39	548	820	0	60.8	122.381	25.612	NA	8	NA	-90	-90
40	1	40	548	820	0	67.8	122.381	25.612	NA	0	NA	0	90
41	1	41	548	812	0	1	130.381	20	NA	8	NA	-90	-90
42	1	42	548	812	0	1	130.381	20	NA	0	NA	0	90
43	1	43	544	812	0	2	134.381	16.971	NA	4	NA	180	180
44	1	44	544	812	0	1	134.381	16.971	NA	0	NA	0	-180
45	1	45	540	828	0	2.4	150.873	29.12	NA	16.492	NA	104.036	104.036
46	1	46	540	828	0	0	150.873	29.12	NA	0	NA	0	-104.036
47	1	47	540	832	0	3	154.873	32.985	NA	4	NA	90	90
48	1	48	540	832	0	3	154.873	32.985	NA	0	NA	0	-90
49	1	49	540	832	0	3	154.873	32.985	NA	0	NA	0	0
50	1	50	532	816	0	87.4	172.762	16	NA	17.889	NA	-116.565	-116.565
51	1	51	532	816	0	58.4	172.762	16	NA	0	NA	0	116.565
52	1	52	528	808	0	2	181.706	8.944	NA	8.944	NA	-116.565	-116.565
53	1	53	528	808	0	3.6	181.706	8.944	NA	0	NA	0	116.565
54	1	54	528	832	0	3.3	205.706	32.249	NA	24	NA	90	90
55	1	55	528	828	0	42	209.706	28.284	NA	4	NA	-90	-180
56	1	56	532	828	0	218.5	213.706	28	NA	4	NA	0	90
57	1	57	532	828	0	198.3	213.706	28	NA	0	NA	0	0
58	1	58	532	828	0	204.9	213.706	28	NA	0	NA	0	0
59	1	59	532	828	0	41.9	213.706	28	NA	0	NA	0	0
60	1	60	532	828	0	67.8	213.706	28	NA	0	NA	0	0
61	1	61	528	852	0	2.2	238.037	52.154	NA	24.331	NA	99.462	99.462
62	1	62	524	836	0	0.6	254.53	36.878	NA	16.492	NA	-104.036	156.501
63	1	63	524	836	0	0	254.53	36.878	NA	0	NA	0	104.036
64	1	64	528	836	0	214.4	258.53	36.222	NA	4	NA	0	0
65	1	65	532	832	0	213.4	264.187	32	NA	5.657	NA	-45	-45
66	1	66	536	832	0	216.4	268.187	32.249	NA	4	NA	0	45
67	1	67	532	824	0	198.1	277.131	24	NA	8.944	NA	-116.565	-116.565
68	1	68	528	824	0	183.1	281.131	24.331	NA	4	NA	180	-63.435
69	1	69	536	824	0	194.4	289.131	24.331	NA	8	NA	0	-180
70	1	70	532	816	0	181.5	298.075	16	NA	8.944	NA	-116.565	-116.565
71	1	71	532	816	0	191.1	298.075	16	NA	0	NA	0	116.565
72	1	72	532	816	0	190.9	298.075	16	NA	0	NA	0	0
73	1	73	528	844	0	9.4	326.359	44.181	NA	28.284	NA	98.13	98.13
74	1	74	528	832	0	2.6	338.359	32.249	NA	12	NA	-90	171.87
75	1	75	528	836	0	5.6	342.359	36.222	NA	4	NA	90	180
76	1	76	528	840	0	8.2	346.359	40.2	NA	4	NA	90	0
77	1	77	528	840	0	3	346.359	40.2	NA	0	NA	0	-90
78	1	78	544	844	0	31	362.852	45.607	NA	16.492	NA	14.036	14.036
79	1	79	544	852	0	3.3	370.852	53.367	NA	8	NA	90	75.964
80	1	80	544	856	0	3.3	374.852	57.271	NA	4	NA	90	0
81	1	81	544	832	0	10.6	398.852	34.176	NA	24	NA	-90	-180
82	1	82	540	824	0	2	407.796	25.298	NA	8.944	NA	-116.565	-26.565
83	1	83	540	820	0	5	411.796	21.541	NA	4	NA	-90	26.565
84	1	84	540	816	0	10.2	415.796	17.889	NA	4	NA	-90	0
85	1	85	540	816	0	10	415.796	17.889	NA	0	NA	0	90
86	1	86	540	824	0	13	423.796	25.298	NA	8	NA	90	90
87	1	87	540	840	0	217.7	439.796	40.792	NA	16	NA	90	0
88	1	88	540	844	0	3.6	443.796	44.721	NA	4	NA	90	0
89	1	89	540	848	0	5.9	447.796	48.662	NA	4	NA	90	0
90	1	90	540	852	0	7	451.796	52.612	NA	4	NA	90	0
91	1	91	540	836	0	55.5	467.796	36.878	NA	16	NA	-90	-180
92	1	92	540	828	0	36.4	475.796	29.12	NA	8	NA	-90	0
93	1	93	540	824	0	3	479.796	25.298	NA	4	NA	-90	0
94	1	94	540	820	0	10	483.796	21.541	NA	4	NA	-90	0
95	1	95	536	820	0	15.2	487.796	20.396	NA	4	NA	180	-90
96	1	96	536	812	0	9.2	495.796	12.649	NA	8	NA	-90	90
97	1	97	532	836	0	3.3	520.127	36	NA	24.331	NA	99.462	-170.538
98	1	98	532	844	0	0	528.127	44	NA	8	NA	90	-9.462
99	1	99	532	844	0	2.4	528.127	44	NA	0	NA	0	-90
100	1	100	532	844	0	5.6	528.127	44	NA	0	NA	0	0
101	1	101	532	824	0	12.8	548.127	24	NA	20	NA	-90	-90
102	1	102	536	832	0	16.2	557.071	32.249	NA	8.944	NA	63.435	153.435
103	1	103	536	864	0	235.2	589.071	64.125	NA	32	NA	90	26.565
104	1	104	536	864	0	43.2	589.071	64.125	NA	0	NA	0	-90
105	1	105	536	848	0	204	605.071	48.166	NA	16	NA	-90	-90
106	1	106	536	844	0	196	609.071	44.181	NA	4	NA	-90	0
107	1	107	536	832	0	1.5	621.071	32.249	NA	12	NA	-90	0
108	1	108	536	832	0	8.2	621.071	32.249	NA	0	NA	0	90
109	1	109	536	828	0	17.2	625.071	28.284	NA	4	NA	-90	-90
110	1	110	536	824	0	19.8	629.071	24.331	NA	4	NA	-90	0
111	1	111	536	836	0	2.2	641.071	36.222	NA	12	NA	90	180
112	1	112	532	844	0	4.6	650.016	44	NA	8.944	NA	116.565	26.565
113	1	113	524	856	0	175.7	664.438	56.569	NA	14.422	NA	123.69	7.125
114	1	114	524	860	0	181.4	668.438	60.531	NA	4	NA	90	-33.69
115	1	115	524	864	0	183.7	672.438	64.498	NA	4	NA	90	0
116	1	116	524	868	0	186.3	676.438	68.469	NA	4	NA	90	0
117	1	117	524	876	0	197.9	684.438	76.42	NA	8	NA	90	0
118	1	118	524	880	0	199	688.438	80.399	NA	4	NA	90	0
119	1	119	524	884	0	236	692.438	84.38	NA	4	NA	90	0
120	1	120	524	884	0	222.2	692.438	84.38	NA	0	NA	0	-90
121	1	121	524	876	0	214	700.438	76.42	NA	8	NA	-90	-90
122	1	122	524	876	0	210.3	700.438	76.42	NA	0	NA	0	90
123	1	123	524	868	0	96.8	708.438	68.469	NA	8	NA	-90	-90
124	1	124	524	864	0	12.8	712.438	64.498	NA	4	NA	-90	0
125	1	125	524	856	0	5	720.438	56.569	NA	8	NA	-90	0
126	1	126	524	856	0	8.2	720.438	56.569	NA	0	NA	0	90
127	1	127	524	856	0	87	720.438	56.569	NA	0	NA	0	0
128	1	128	524	848	0	25.8	728.438	48.662	NA	8	NA	-90	-90
129	1	129	524	848	0	1.2	728.438	48.662	NA	0	NA	0	90
130	1	130	524	860	0	11.6	740.438	60.531	NA	12	NA	90	90
131	1	131	524	864	0	18.6	744.438	64.498	NA	4	NA	90	0
132	1	132	524	872	0	10.2	752.438	72.443	NA	8	NA	90	0
133	1	133	528	884	0	17	765.087	84.095	NA	12.649	NA	71.565	-18.435
134	1	134	528	884	0	89.6	765.087	84.095	NA	0	NA	0	-71.565
135	1	135	528	888	0	173	769.087	88.091	NA	4	NA	90	90
136	1	136	532	912	0	163	793.418	112	NA	24.331	NA	80.538	-9.462
137	1	137	520	908	0	162.6	806.067	108.665	NA	12.649	NA	-161.565	117.897
138	1	138	516	908	0	132.6	810.067	109.179	NA	4	NA	180	-18.435
139	1	139	516	908	0	202.4	810.067	109.179	NA	0	NA	0	-180
140	1	140	516	896	0	89.2	822.067	97.324	NA	12	NA	-90	-90
141	1	141	516	888	0	31.5	830.067	89.443	NA	8	NA	-90	0
142	1	142	516	888	0	48.6	830.067	89.443	NA	0	NA	0	90
143	1	143	516	884	0	27.6	834.067	85.51	NA	4	NA	-90	-90
144	1	144	516	880	0	30.2	838.067	81.584	NA	4	NA	-90	0
145	1	145	516	880	0	19	838.067	81.584	NA	0	NA	0	90
146	1	146	516	872	0	5.8	846.067	73.756	NA	8	NA	-90	-90
147	1	147	516	872	0	0.2	846.067	73.756	NA	0	NA	0	90
148	1	148	516	872	0	2.4	846.067	73.756	NA	0	NA	0	0
149	1	149	516	872	0	10.1	846.067	73.756	NA	0	NA	0	0
150	1	150	516	888	0	6.8	862.067	89.443	NA	16	NA	90	90
151	1	151	508	908	0	108.1	883.608	110.635	NA	21.541	NA	111.801	21.801
152	1	152	508	916	0	148.6	891.608	118.457	NA	8	NA	90	-21.801
153	1	153	508	916	0	39.6	891.608	118.457	NA	0	NA	0	-90
154	1	154	500	912	0	26.8	900.552	116.482	NA	8.944	NA	-153.435	-153.435
155	1	155	500	920	0	81.2	908.552	124.193	NA	8	NA	90	-116.565
156	1	156	500	924	0	93.1	912.552	128.062	NA	4	NA	90	0
157	1	157	496	928	0	42.9	918.209	132.966	NA	5.657	NA	135	45
158	1	158	496	936	0	81.5	926.209	140.684	NA	8	NA	90	-45
159	1	159	488	944	0	232.8	937.523	150.572	NA	11.314	NA	135	45
160	1	160	488	944	0	231.2	937.523	150.572	NA	0	NA	0	-135
161	1	161	484	940	0	231.2	943.179	148	NA	5.657	NA	-135	-135
162	1	162	480	924	0	57.1	959.672	134.462	NA	16.492	NA	-104.036	30.964
163	1	163	480	920	0	53.6	963.672	130.782	NA	4	NA	-90	14.036
164	1	164	480	920	0	36.2	963.672	130.782	NA	0	NA	0	90
165	1	165	488	928	0	59	974.986	135.351	NA	11.314	NA	45	45
166	1	166	484	928	0	134.7	978.986	136.704	NA	4	NA	180	135
167	1	167	480	928	0	86.1	982.986	138.159	NA	4	NA	180	0
168	1	168	484	932	0	39.4	988.642	140.456	NA	5.657	NA	45	-135
169	1	169	488	940	0	54.7	997.587	146.751	NA	8.944	NA	63.435	18.435
170	1	170	488	952	0	74	1009.587	158.24	NA	12	NA	90	26.565
171	1	171	488	968	0	220.9	1025.587	173.666	NA	16	NA	90	0
172	1	172	488	968	0	110.4	1025.587	173.666	NA	0	NA	0	-90
173	1	173	480	984	0	210.5	1043.475	191.207	NA	17.889	NA	116.565	116.565
174	1	174	464	992	0	233.5	1061.364	203.686	NA	17.889	NA	153.435	36.87
175	1	175	464	1000	0	233.5	1069.364	211.244	NA	8	NA	90	-63.435
176	1	176	464	1004	0	233.5	1073.364	215.035	NA	4	NA	90	0
177	1	177	464	996	0	233.7	1081.364	207.461	NA	8	NA	-90	-180
178	1	178	464	992	0	232.5	1085.364	203.686	NA	4	NA	-90	0
179	1	179	464	980	0	71.9	1097.364	192.416	NA	12	NA	-90	0
180	1	180	472	976	0	75.5	1106.308	185.946	NA	8.944	NA	-26.565	63.435
181	1	181	472	972	0	94.1	1110.308	182.165	NA	4	NA	-90	-63.435
182	1	182	468	980	0	80.1	1119.252	191.039	NA	8.944	NA	116.565	-153.435
183	1	183	468	960	0	38.3	1139.252	172.325	NA	20	NA	-90	153.435
184	1	184	468	952	0	42	1147.252	164.924	NA	8	NA	-90	0
185	1	185	464	956	0	138.4	1152.909	170.176	NA	5.657	NA	135	-135
186	1	186	464	960	0	80	1156.909	173.851	NA	4	NA	90	-45
187	1	187	464	984	0	44.9	1180.909	196.163	NA	24	NA	90	0
188	1	188	464	1004	0	154.9	1200.909	215.035	NA	20	NA	90	0
189	1	189	468	1016	0	82.5	1213.558	225.282	NA	12.649	NA	71.565	-18.435
190	1	190	468	1036	0	192	1233.558	244.524	NA	20	NA	90	18.435
191	1	191	468	1048	0	220.7	1245.558	256.125	NA	12	NA	90	0
192	1	192	468	1056	0	187.1	1253.558	263.879	NA	8	NA	90	0
193	1	193	472	1068	0	230.1	1266.207	274.634	NA	12.649	NA	71.565	-18.435
194	2	1	424	800	0	158.2	0	0	NA	NA	NA	NA	NA
195	2	2	424	800	0	81.5	0	0	NA	0	NA	0	NA
196	2	3	424	800	0	39.9	0	0	NA	0	NA	0	0
197	2	4	424	800	0	42.9	0	0	NA	0	NA	0	0
198	2	5	424	796	0	210.9	4	4	NA	4	NA	-90	-90
199	2	6	424	804	0	38.8	12	4	NA	8	NA	90	180
200	2	7	424	804	0	11.9	12	4	NA	0	NA	0	-90
201	2	8	424	804	0	20.1	12	4	NA	0	NA	0	0
202	2	9	424	804	0	102.4	12	4	NA	0	NA	0	0
203	2	10	424	808	0	142.9	16	8	NA	4	NA	90	90
204	2	11	428	816	0	208.4	24.944	16.492	NA	8.944	NA	63.435	-26.565
205	2	12	420	812	0	149.2	33.889	12.649	NA	8.944	NA	-153.435	143.13
206	2	13	420	812	0	145.6	33.889	12.649	NA	0	NA	0	153.435
207	2	14	420	816	0	83.7	37.889	16.492	NA	4	NA	90	90
208	2	15	420	816	0	55.7	37.889	16.492	NA	0	NA	0	-90
209	2	16	424	828	0	67.6	50.538	28	NA	12.649	NA	71.565	71.565
210	2	17	416	816	0	231.3	64.96	17.889	NA	14.422	NA	-123.69	164.745
211	2	18	416	816	0	231.4	64.96	17.889	NA	0	NA	0	123.69
212	2	19	416	832	0	242.1	80.96	32.985	NA	16	NA	90	90
213	2	20	416	824	0	238.3	88.96	25.298	NA	8	NA	-90	-180
214	2	21	416	820	0	235.3	92.96	21.541	NA	4	NA	-90	0
215	2	22	416	816	0	238.3	96.96	17.889	NA	4	NA	-90	0
216	2	23	416	816	0	237.3	96.96	17.889	NA	0	NA	0	90
217	2	24	416	812	0	233	100.96	14.422	NA	4	NA	-90	-90
218	2	25	416	812	0	231.2	100.96	14.422	NA	0	NA	0	90
219	2	26	412	808	0	237.3	106.617	14.422	NA	5.657	NA	-135	-135
220	2	27	412	804	0	65.1	110.617	12.649	NA	4	NA	-90	45
221	2	28	412	804	0	75.6	110.617	12.649	NA	0	NA	0	90
222	2	29	412	804	0	73.6	110.617	12.649	NA	0	NA	0	0
223	2	30	412	804	0	79.3	110.617	12.649	NA	0	NA	0	0
224	2	31	412	812	0	230.1	118.617	16.971	NA	8	NA	90	90
225	2	32	412	812	0	230.5	118.617	16.971	NA	0	NA	0	-90
226	2	33	416	824	0	227.8	131.266	25.298	NA	12.649	NA	71.565	71.565
227	2	34	412	828	0	228.1	136.923	30.463	NA	5.657	NA	135	63.435
228	2	35	412	816	0	229.2	148.923	20	NA	12	NA	-90	135
229	2	36	412	816	0	228.9	148.923	20	NA	0	NA	0	90
230	2	37	412	816	0	227.9	148.923	20	NA	0	NA	0	0
231	2	38	412	808	0	115.9	156.923	14.422	NA	8	NA	-90	-90
232	2	39	408	808	0	94.3	160.923	17.889	NA	4	NA	180	-90
233	2	40	408	808	0	119.9	160.923	17.889	NA	0	NA	0	-180
234	2	41	408	816	0	226.6	168.923	22.627	NA	8	NA	90	90
235	2	42	408	816	0	226.6	168.923	22.627	NA	0	NA	0	-90
236	2	43	408	824	0	229.1	176.923	28.844	NA	8	NA	90	90
237	2	44	412	832	0	228.1	185.867	34.176	NA	8.944	NA	63.435	-26.565
238	2	45	400	808	0	61.8	212.7	25.298	NA	26.833	NA	-116.565	-180
239	2	46	400	800	0	78.2	220.7	24	NA	8	NA	-90	26.565
240	2	47	400	800	0	75.4	220.7	24	NA	0	NA	0	90
241	2	48	400	812	0	231.7	232.7	26.833	NA	12	NA	90	90
242	2	49	404	820	0	228	241.644	28.284	NA	8.944	NA	63.435	-26.565
243	2	50	404	828	0	220	249.644	34.409	NA	8	NA	90	26.565
244	2	51	404	828	0	221	249.644	34.409	NA	0	NA	0	-90
245	2	52	400	844	0	227.8	266.136	50.12	NA	16.492	NA	104.036	104.036
246	2	53	400	844	0	228	266.136	50.12	NA	0	NA	0	-104.036
247	2	54	400	844	0	225.7	266.136	50.12	NA	0	NA	0	0
248	2	55	400	844	0	225.7	266.136	50.12	NA	0	NA	0	0
249	2	56	396	848	0	228.8	271.793	55.57	NA	5.657	NA	135	135
250	2	57	392	876	0	46.5	300.078	82.462	NA	28.284	NA	98.13	-36.87
251	2	58	396	856	0	228.8	320.474	62.61	NA	20.396	NA	-78.69	-176.82
252	2	59	396	856	0	231.1	320.474	62.61	NA	0	NA	0	78.69
253	2	60	400	852	0	226.8	326.131	57.271	NA	5.657	NA	-45	-45
254	2	61	400	840	0	227.9	338.131	46.648	NA	12	NA	-90	-45
255	2	62	400	840	0	227.9	338.131	46.648	NA	0	NA	0	90
256	2	63	400	844	0	229.9	342.131	50.12	NA	4	NA	90	90
257	2	64	400	836	0	229.1	350.131	43.267	NA	8	NA	-90	-180
258	2	65	400	832	0	224	354.131	40	NA	4	NA	-90	0
259	2	66	400	828	0	221.1	358.131	36.878	NA	4	NA	-90	0
260	2	67	396	828	0	218.6	362.131	39.598	NA	4	NA	180	-90
261	2	68	396	828	0	220.9	362.131	39.598	NA	0	NA	0	-180
262	2	69	396	828	0	221.9	362.131	39.598	NA	0	NA	0	0
263	2	70	396	828	0	221.9	362.131	39.598	NA	0	NA	0	0
264	2	71	396	824	0	228	366.131	36.878	NA	4	NA	-90	-90
265	2	72	396	820	0	230.3	370.131	34.409	NA	4	NA	-90	0
266	2	73	396	824	0	229	374.131	36.878	NA	4	NA	90	180
267	2	74	396	828	0	222	378.131	39.598	NA	4	NA	90	0
268	2	75	396	836	0	225.7	386.131	45.607	NA	8	NA	90	0
269	2	76	392	836	0	228	390.131	48.166	NA	4	NA	180	90
270	2	77	392	836	0	231.8	390.131	48.166	NA	0	NA	0	-180
271	2	78	392	836	0	233.6	390.131	48.166	NA	0	NA	0	0
272	2	79	396	856	0	231.6	410.527	62.61	NA	20.396	NA	78.69	78.69
273	2	80	400	868	0	62.7	423.176	72.111	NA	12.649	NA	71.565	-7.125
274	2	81	404	864	0	232.8	428.833	67.052	NA	5.657	NA	-45	-116.565
275	2	82	404	860	0	231.1	432.833	63.246	NA	4	NA	-90	-45
276	2	83	404	856	0	229	436.833	59.464	NA	4	NA	-90	0
277	2	84	404	852	0	225.5	440.833	55.714	NA	4	NA	-90	0
278	2	85	404	844	0	218.6	448.833	48.332	NA	8	NA	-90	0
279	2	86	404	844	0	211.9	448.833	48.332	NA	0	NA	0	90
280	2	87	404	832	0	147.8	460.833	37.736	NA	12	NA	-90	-90
281	2	88	404	824	0	213.9	468.833	31.241	NA	8	NA	-90	0
282	2	89	404	824	0	231.5	468.833	31.241	NA	0	NA	0	90
283	2	90	404	832	0	230.3	476.833	37.736	NA	8	NA	90	90
284	2	91	404	832	0	226.6	476.833	37.736	NA	0	NA	0	-90
285	2	92	404	840	0	227.7	484.833	44.721	NA	8	NA	90	90
286	2	93	404	852	0	180.5	496.833	55.714	NA	12	NA	90	0
287	2	94	404	852	0	232.3	496.833	55.714	NA	0	NA	0	-90
288	2	95	404	864	0	174.9	508.833	67.052	NA	12	NA	90	90
289	2	96	404	868	0	177.5	512.833	70.88	NA	4	NA	90	0
290	2	97	404	880	0	46.8	524.833	82.462	NA	12	NA	90	0
291	2	98	404	884	0	45	528.833	86.348	NA	4	NA	90	0
292	2	99	404	892	0	61.8	536.833	94.149	NA	8	NA	90	0
293	2	100	392	876	0	72.2	556.833	82.462	NA	20	NA	-126.87	143.13
294	2	101	396	880	0	118.8	562.489	84.758	NA	5.657	NA	45	171.87
295	2	102	396	884	0	54	566.489	88.544	NA	4	NA	90	45
296	2	103	396	880	0	67.3	570.489	84.758	NA	4	NA	-90	-180
297	2	104	396	864	0	239.7	586.489	69.857	NA	16	NA	-90	0
298	2	105	396	860	0	230.3	590.489	66.212	NA	4	NA	-90	0
299	2	106	400	848	0	227.5	603.139	53.666	NA	12.649	NA	-71.565	18.435
300	2	107	400	848	0	225.5	603.139	53.666	NA	0	NA	0	71.565
301	2	108	392	860	0	166.7	617.561	68	NA	14.422	NA	123.69	123.69
302	2	109	392	860	0	173.8	617.561	68	NA	0	NA	0	-123.69
303	2	110	392	856	0	183.3	621.561	64.498	NA	4	NA	-90	-90
304	2	111	392	848	0	152.8	629.561	57.689	NA	8	NA	-90	0
305	2	112	392	840	0	169.7	637.561	51.225	NA	8	NA	-90	0
306	2	113	396	840	0	229.3	641.561	48.826	NA	4	NA	0	90
307	2	114	392	852	0	171.6	654.21	61.057	NA	12.649	NA	108.435	108.435
308	2	115	392	852	0	223.4	654.21	61.057	NA	0	NA	0	-108.435
309	2	116	392	856	0	208	658.21	64.498	NA	4	NA	90	90
310	2	117	392	868	0	159.2	670.21	75.153	NA	12	NA	90	0
311	2	118	392	880	0	81.6	682.21	86.163	NA	12	NA	90	0
312	2	119	344	872	0	224.4	730.872	107.629	NA	48.662	NA	-170.538	99.462
313	2	120	344	876	0	221.1	734.872	110.345	NA	4	NA	90	-99.462
314	2	121	344	876	0	223.5	734.872	110.345	NA	0	NA	0	-90
315	2	122	340	880	0	222.2	740.529	116	NA	5.657	NA	135	135
316	2	123	340	888	0	68.6	748.529	121.655	NA	8	NA	90	-45
317	2	124	340	884	0	225.4	752.529	118.794	NA	4	NA	-90	-180
318	2	125	340	884	0	220.8	752.529	118.794	NA	0	NA	0	90
319	2	126	312	832	0	172	811.588	116.482	NA	59.059	NA	-118.301	-118.301
320	2	127	328	872	0	147.8	854.669	120	NA	43.081	NA	68.199	-173.501
321	2	128	328	876	0	99.9	858.669	122.442	NA	4	NA	90	21.801
322	2	129	328	884	0	91	866.669	127.562	NA	8	NA	90	0
323	2	130	328	892	0	81.5	874.669	132.966	NA	8	NA	90	0
324	2	131	328	916	0	237.4	898.669	150.572	NA	24	NA	90	0
325	2	132	328	924	0	45.2	906.669	156.818	NA	8	NA	90	0
326	2	133	324	932	0	220	915.614	165.602	NA	8.944	NA	116.565	26.565
327	2	134	308	928	0	75.8	932.106	172.743	NA	16.492	NA	-165.964	77.471
328	2	135	308	928	0	103.6	932.106	172.743	NA	0	NA	0	165.964
329	2	136	308	948	0	200.2	952.106	188.043	NA	20	NA	90	90
330	2	137	300	944	0	225.8	961.05	190.032	NA	8.944	NA	-153.435	116.565
331	2	138	300	940	0	227.9	965.05	187.019	NA	4	NA	-90	63.435
332	2	139	300	932	0	231.6	973.05	181.108	NA	8	NA	-90	0
333	2	140	300	924	0	142.9	981.05	175.362	NA	8	NA	-90	0
334	2	141	296	924	0	181.2	985.05	178.213	NA	4	NA	180	-90
335	2	142	288	912	0	88.2	999.473	176.182	NA	14.422	NA	-123.69	56.31
336	2	143	268	900	0	207.2	1022.796	185.3	NA	23.324	NA	-149.036	-25.346
337	2	144	268	900	0	224.4	1022.796	185.3	NA	0	NA	0	149.036
338	2	145	264	900	0	224.4	1026.796	188.68	NA	4	NA	180	180
339	2	146	264	896	0	216.3	1030.796	186.59	NA	4	NA	-90	90
340	2	147	264	912	0	231.4	1046.796	195.305	NA	16	NA	90	180
341	2	148	264	916	0	170.1	1050.796	197.626	NA	4	NA	90	0
342	2	149	264	888	0	118.8	1078.796	182.603	NA	28	NA	-90	-180
343	2	150	260	912	0	231.7	1103.127	198.595	NA	24.331	NA	99.462	-170.538
344	2	151	260	904	0	229.3	1111.127	194.196	NA	8	NA	-90	170.538
345	2	152	248	908	0	234.9	1123.777	206.495	NA	12.649	NA	161.565	-108.435
346	2	153	244	908	0	135.7	1127.777	209.914	NA	4	NA	180	18.435
347	2	154	232	912	0	100.1	1140.426	222.279	NA	12.649	NA	161.565	-18.435
348	2	155	224	920	0	74.2	1151.739	233.238	NA	11.314	NA	135	-26.565
349	2	156	212	932	0	232.9	1168.71	249.736	NA	16.971	NA	135	0
350	2	157	204	936	0	232.9	1177.654	258.643	NA	8.944	NA	153.435	18.435
351	2	158	200	940	0	232.5	1183.311	264.151	NA	5.657	NA	135	-18.435
352	2	159	188	940	0	231.6	1195.311	274.401	NA	12	NA	180	45
353	2	160	180	940	0	232.9	1203.311	281.311	NA	8	NA	180	0
354	2	161	168	936	0	233.7	1215.96	289.883	NA	12.649	NA	-161.565	18.435
355	2	162	160	932	0	230.6	1224.904	295.161	NA	8.944	NA	-153.435	8.13
356	2	163	160	932	0	127.8	1224.904	295.161	NA	0	NA	0	153.435
357	2	164	160	932	0	182.5	1224.904	295.161	NA	0	NA	0	0
358	2	165	144	960	0	231.6	1257.153	322.49	NA	32.249	NA	119.745	119.745
359	2	166	144	976	0	231.4	1273.153	330.72	NA	16	NA	90	-29.745
360	2	167	144	992	0	232.9	1289.153	339.506	NA	16	NA	90	0
361	2	168	144	1012	0	234.9	1309.153	351.204	NA	20	NA	90	0
362	2	169	144	1016	0	235.1	1313.153	353.633	NA	4	NA	90	0
363	2	170	136	1020	0	91.9	1322.098	362.414	NA	8.944	NA	153.435	63.435
364	2	171	136	1020	0	154.5	1322.098	362.414	NA	0	NA	0	-153.435
365	2	172	128	1032	0	89.1	1336.52	376.085	NA	14.422	NA	123.69	123.69
366	2	173	108	1036	0	233.6	1356.916	394.401	NA	20.396	NA	168.69	45
367	2	174	100	1036	0	229.4	1364.916	400.839	NA	8	NA	180	11.31
368	2	175	96	1032	0	68.3	1370.573	401.756	NA	5.657	NA	-135	45
369	2	176	84	1016	0	128.7	1390.573	402.81	NA	20	NA	-126.87	8.13
370	2	177	72	1000	0	232.9	1410.573	404.851	NA	20	NA	-126.87	0
371	2	178	72	996	0	232.9	1414.573	402.89	NA	4	NA	-90	36.87
372	2	179	72	980	0	231.6	1430.573	395.353	NA	16	NA	-90	0
373	2	180	68	972	0	230.6	1439.517	395.373	NA	8.944	NA	-116.565	-26.565
374	2	181	60	968	0	230.6	1448.461	400.899	NA	8.944	NA	-153.435	-36.87
375	2	182	60	952	0	225.8	1464.461	394.462	NA	16	NA	-90	63.435
376	2	183	60	952	0	232.5	1464.461	394.462	NA	0	NA	0	90
377	2	184	56	940	0	226.7	1477.111	393.731	NA	12.649	NA	-108.435	-108.435
378	2	185	52	940	0	231.6	1481.111	397.472	NA	4	NA	180	-71.565
379	2	186	40	936	0	230.6	1493.76	407.372	NA	12.649	NA	-161.565	18.435
380	2	187	28	960	0	119.5	1520.592	427.102	NA	26.833	NA	116.565	-81.87
381	2	188	20	968	0	77.5	1531.906	437.539	NA	11.314	NA	135	18.435
382	2	189	12	976	0	78.7	1543.22	448.018	NA	11.314	NA	135	0
383	2	190	12	996	0	130.3	1563.22	456.246	NA	20	NA	90	-45
384	2	191	12	1008	0	110.5	1575.22	461.528	NA	12	NA	90	0
385	3	1	516	928	0	2	0	0	NA	NA	NA	NA	NA
386	3	2	516	928	0	3	0	0	NA	0	NA	0	NA
387	3	3	516	928	0	3	0	0	NA	0	NA	0	0
388	3	4	516	928	0	3	0	0	NA	0	NA	0	0
389	3	5	516	940	0	2	12	12	NA	12	NA	90	90
390	3	6	516	940	0	2	12	12	NA	0	NA	0	-90
391	3	7	516	940	0	2	12	12	NA	0	NA	0	0
392	3	8	516	940	0	3	12	12	NA	0	NA	0	0
393	3	9	516	940	0	2	12	12	NA	0	NA	0	0
394	3	10	516	940	0	2	12	12	NA	0	NA	0	0
395	3	11	516	940	0	2	12	12	NA	0	NA	0	0
396	3	12	516	940	0	2	12	12	NA	0	NA	0	0
397	3	13	520	948	0	2.4	20.944	20.396	NA	8.944	NA	63.435	63.435
398	3	14	520	948	0	2.4	20.944	20.396	NA	0	NA	0	-63.435
399	3	15	520	948	0	2	20.944	20.396	NA	0	NA	0	0
400	3	16	520	948	0	2	20.944	20.396	NA	0	NA	0	0
401	3	17	520	948	0	2	20.944	20.396	NA	0	NA	0	0
402	3	18	516	952	0	2	26.601	24	NA	5.657	NA	135	135
403	3	19	516	952	0	2	26.601	24	NA	0	NA	0	-135
404	3	20	516	952	0	2	26.601	24	NA	0	NA	0	0
405	3	21	516	952	0	1	26.601	24	NA	0	NA	0	0
406	3	22	516	944	0	2	34.601	16	NA	8	NA	-90	-90
407	3	23	516	952	0	2	42.601	24	NA	8	NA	90	180
408	3	24	516	956	0	2	46.601	28	NA	4	NA	90	0
409	3	25	516	956	0	3	46.601	28	NA	0	NA	0	-90
410	3	26	516	956	0	1	46.601	28	NA	0	NA	0	0
411	3	27	516	956	0	1	46.601	28	NA	0	NA	0	0
412	3	28	516	956	0	1	46.601	28	NA	0	NA	0	0
413	3	29	516	956	0	1	46.601	28	NA	0	NA	0	0
414	3	30	516	956	0	1	46.601	28	NA	0	NA	0	0
415	3	31	520	964	0	3	55.545	36.222	NA	8.944	NA	63.435	63.435
416	3	32	520	972	0	8	63.545	44.181	NA	8	NA	90	26.565
417	3	33	520	972	0	7	63.545	44.181	NA	0	NA	0	-90
418	3	34	520	984	0	3	75.545	56.143	NA	12	NA	90	90
419	3	35	520	984	0	3	75.545	56.143	NA	0	NA	0	-90
420	3	36	524	984	0	6	79.545	56.569	NA	4	NA	0	0
421	3	37	524	984	0	9	79.545	56.569	NA	0	NA	0	0
422	3	38	524	984	0	9	79.545	56.569	NA	0	NA	0	0
423	3	39	524	984	0	8	79.545	56.569	NA	0	NA	0	0
424	3	40	524	984	0	8	79.545	56.569	NA	0	NA	0	0
425	3	41	524	996	0	3.6	91.545	68.469	NA	12	NA	90	90
426	3	42	524	984	0	3	103.545	56.569	NA	12	NA	-90	-180
427	3	43	524	980	0	3	107.545	52.612	NA	4	NA	-90	0
428	3	44	524	980	0	3	107.545	52.612	NA	0	NA	0	90
429	3	45	524	976	0	3	111.545	48.662	NA	4	NA	-90	-90
430	3	46	524	976	0	3	111.545	48.662	NA	0	NA	0	90
431	3	47	524	972	0	3.6	115.545	44.721	NA	4	NA	-90	-90
432	3	48	524	972	0	2.6	115.545	44.721	NA	0	NA	0	90
433	3	49	524	968	0	2	119.545	40.792	NA	4	NA	-90	-90
434	3	50	524	968	0	2.6	119.545	40.792	NA	0	NA	0	90
435	3	51	524	968	0	1	119.545	40.792	NA	0	NA	0	0
436	3	52	524	968	0	1	119.545	40.792	NA	0	NA	0	0
437	3	53	524	984	0	2	135.545	56.569	NA	16	NA	90	90
438	3	54	524	996	0	1	147.545	68.469	NA	12	NA	90	0
439	3	55	524	992	0	1	151.545	64.498	NA	4	NA	-90	-180
440	3	56	524	976	0	2	167.545	48.662	NA	16	NA	-90	0
441	3	57	524	976	0	1	167.545	48.662	NA	0	NA	0	90
442	3	58	524	968	0	1	175.545	40.792	NA	8	NA	-90	-90
443	3	59	524	964	0	1	179.545	36.878	NA	4	NA	-90	0
444	3	60	524	976	0	1	191.545	48.662	NA	12	NA	90	180
445	3	61	524	976	0	1	191.545	48.662	NA	0	NA	0	-90
446	3	62	524	976	0	1	191.545	48.662	NA	0	NA	0	0
447	3	63	524	976	0	1	191.545	48.662	NA	0	NA	0	0
448	3	64	528	968	0	3.4	200.49	41.761	NA	8.944	NA	-63.435	-63.435
449	3	65	528	968	0	2.4	200.49	41.761	NA	0	NA	0	63.435
450	3	66	528	968	0	2.4	200.49	41.761	NA	0	NA	0	0
451	3	67	528	972	0	3.4	204.49	45.607	NA	4	NA	90	90
452	3	68	528	984	0	1.2	216.49	57.271	NA	12	NA	90	0
453	3	69	528	984	0	2.2	216.49	57.271	NA	0	NA	0	-90
454	3	70	528	1004	0	2.4	236.49	76.942	NA	20	NA	90	90
455	3	71	528	1016	0	3	248.49	88.814	NA	12	NA	90	0
456	3	72	528	1020	0	3	252.49	92.779	NA	4	NA	90	0
457	3	73	524	1020	0	4.7	256.49	92.347	NA	4	NA	180	90
458	3	74	524	1020	0	8.2	256.49	92.347	NA	0	NA	0	-180
459	3	75	520	1020	0	10.2	260.49	92.087	NA	4	NA	180	180
460	3	76	524	1020	0	10.2	264.49	92.347	NA	4	NA	0	-180
461	3	77	524	1020	0	11.5	264.49	92.347	NA	0	NA	0	0
462	3	78	524	1028	0	11.6	272.49	100.319	NA	8	NA	90	90
463	3	79	524	1032	0	9.2	276.49	104.307	NA	4	NA	90	0
464	3	80	524	1032	0	10.2	276.49	104.307	NA	0	NA	0	-90
465	3	81	524	1036	0	9.2	280.49	108.296	NA	4	NA	90	90
466	3	82	524	1032	0	5.6	284.49	104.307	NA	4	NA	-90	-180
467	3	83	516	1032	0	8	292.49	104	NA	8	NA	180	-90
468	3	84	516	1028	0	5.8	296.49	100	NA	4	NA	-90	90
469	3	85	516	1028	0	5.6	296.49	100	NA	0	NA	0	90
470	3	86	516	1024	0	4.6	300.49	96	NA	4	NA	-90	-90
471	3	87	508	1060	0	7.3	337.368	132.242	NA	36.878	NA	102.529	-167.471
472	3	88	508	1052	0	3.3	345.368	124.258	NA	8	NA	-90	167.471
473	3	89	508	1048	0	7.2	349.368	120.266	NA	4	NA	-90	0
474	3	90	508	1044	0	6.8	353.368	116.276	NA	4	NA	-90	0
475	3	91	524	1036	0	3.3	371.256	108.296	NA	17.889	NA	-26.565	63.435
476	3	92	524	1028	0	2.2	379.256	100.319	NA	8	NA	-90	-63.435
477	3	93	524	1028	0	1.2	379.256	100.319	NA	0	NA	0	90
478	3	94	520	1016	0	3.3	391.906	88.091	NA	12.649	NA	-108.435	-108.435
479	3	95	520	1012	0	2.2	395.906	84.095	NA	4	NA	-90	18.435
480	3	96	520	1004	0	3.3	403.906	76.105	NA	8	NA	-90	0
481	3	97	524	1052	0	1.2	452.072	124.258	NA	48.166	NA	85.236	175.236
482	3	98	524	1052	0	1.2	452.072	124.258	NA	0	NA	0	-85.236
483	3	99	524	1052	0	1.2	452.072	124.258	NA	0	NA	0	0
484	3	100	524	1052	0	2.2	452.072	124.258	NA	0	NA	0	0
485	3	101	508	1056	0	4.8	468.564	128.25	NA	16.492	NA	165.964	165.964
486	3	102	504	1048	0	10.6	477.509	120.599	NA	8.944	NA	-116.565	77.471
487	3	103	504	1036	0	9.2	489.509	108.665	NA	12	NA	-90	26.565
488	3	104	504	1032	0	5.6	493.509	104.69	NA	4	NA	-90	0
489	3	105	504	1052	0	12.7	513.509	124.579	NA	20	NA	90	180
490	3	106	504	1048	0	12	517.509	120.599	NA	4	NA	-90	-180
491	3	107	504	1048	0	9	517.509	120.599	NA	0	NA	0	90
492	3	108	508	1064	0	8.2	534.001	136.235	NA	16.492	NA	75.964	75.964
493	3	109	508	1064	0	7.8	534.001	136.235	NA	0	NA	0	-75.964
494	3	110	508	1080	0	9.4	550.001	152.21	NA	16	NA	90	90
495	3	111	508	1092	0	9.4	562.001	164.195	NA	12	NA	90	0
496	3	112	508	1104	0	13.8	574.001	176.182	NA	12	NA	90	0
497	3	113	508	1112	0	16.4	582.001	184.174	NA	8	NA	90	0
498	3	114	508	1116	0	17.4	586.001	188.17	NA	4	NA	90	0
499	3	115	508	1124	0	20.8	594.001	196.163	NA	8	NA	90	0
500	3	116	508	1124	0	18.8	594.001	196.163	NA	0	NA	0	-90
501	3	117	516	1136	0	16.4	608.423	208	NA	14.422	NA	56.31	56.31
502	3	118	508	1136	0	16.4	616.423	208.154	NA	8	NA	180	123.69
503	3	119	496	1128	0	13	630.845	200.998	NA	14.422	NA	-146.31	33.69
504	3	120	492	1128	0	11.4	634.845	201.435	NA	4	NA	180	-33.69
505	3	121	492	1128	0	10.1	634.845	201.435	NA	0	NA	0	-180
506	3	122	492	1128	0	11.4	634.845	201.435	NA	0	NA	0	0
507	3	123	492	1128	0	11.4	634.845	201.435	NA	0	NA	0	0
508	3	124	492	1132	0	11.4	638.845	205.407	NA	4	NA	90	90
509	3	125	492	1132	0	10.1	638.845	205.407	NA	0	NA	0	-90
510	3	126	492	1132	0	9.4	638.845	205.407	NA	0	NA	0	0
511	3	127	492	1132	0	7.8	638.845	205.407	NA	0	NA	0	0
512	3	128	492	1132	0	7.8	638.845	205.407	NA	0	NA	0	0
513	3	129	492	1136	0	6.8	642.845	209.38	NA	4	NA	90	90
514	3	130	492	1140	0	6.8	646.845	213.354	NA	4	NA	90	0
515	3	131	492	1140	0	4.8	646.845	213.354	NA	0	NA	0	-90
516	3	132	492	1140	0	5.8	646.845	213.354	NA	0	NA	0	0
517	3	133	488	1140	0	10.2	650.845	213.841	NA	4	NA	180	180
518	3	134	488	1140	0	8.2	650.845	213.841	NA	0	NA	0	-180
519	3	135	488	1140	0	4.6	650.845	213.841	NA	0	NA	0	0
520	3	136	488	1140	0	9.2	650.845	213.841	NA	0	NA	0	0
521	3	137	484	1140	0	5.9	654.845	214.401	NA	4	NA	180	180
522	3	138	484	1140	0	9.4	654.845	214.401	NA	0	NA	0	-180
523	3	139	472	1156	0	17.4	674.845	232.207	NA	20	NA	126.87	126.87
524	3	140	464	1156	0	17.1	682.845	233.855	NA	8	NA	180	53.13
525	3	141	464	1156	0	14	682.845	233.855	NA	0	NA	0	-180
526	3	142	464	1156	0	10.1	682.845	233.855	NA	0	NA	0	0
527	3	143	452	1156	0	18.8	694.845	236.812	NA	12	NA	180	180
528	3	144	448	1148	0	17.4	703.79	230.269	NA	8.944	NA	-116.565	63.435
529	3	145	456	1176	0	13	732.91	255.155	NA	29.12	NA	74.055	-169.38
530	3	146	448	1176	0	16	740.91	257.154	NA	8	NA	180	105.945
531	3	147	444	1176	0	16.1	744.91	258.24	NA	4	NA	180	0
532	3	148	444	1176	0	19.6	744.91	258.24	NA	0	NA	0	-180
533	3	149	444	1200	0	23	768.91	281.368	NA	24	NA	90	90
534	3	150	444	1212	0	20.6	780.91	292.985	NA	12	NA	90	0
535	3	151	444	1228	0	20.9	796.91	308.519	NA	16	NA	90	0
536	3	152	444	1232	0	19.6	800.91	312.41	NA	4	NA	90	0
537	3	153	444	1248	0	17.6	816.91	328	NA	16	NA	90	0
538	3	154	444	1276	0	18.4	844.91	355.37	NA	28	NA	90	0
539	3	155	440	1292	0	26.9	861.403	371.849	NA	16.492	NA	104.036	14.036
540	3	156	420	1296	0	20.6	881.799	380.316	NA	20.396	NA	168.69	64.654
541	3	157	420	1296	0	23.2	881.799	380.316	NA	0	NA	0	-168.69
542	3	158	420	1308	0	19.6	893.799	391.939	NA	12	NA	90	90
543	3	159	420	1308	0	19.6	893.799	391.939	NA	0	NA	0	-90
544	3	160	416	1316	0	17.6	902.743	400.679	NA	8.944	NA	116.565	116.565
545	3	161	416	1320	0	17.6	906.743	404.554	NA	4	NA	90	-26.565
546	3	162	424	1328	0	16.5	918.057	410.444	NA	11.314	NA	45	-45
547	3	163	424	1328	0	17.6	918.057	410.444	NA	0	NA	0	-45
548	3	164	428	1328	0	13.6	922.057	409.566	NA	4	NA	0	0
549	3	165	428	1332	0	11.6	926.057	413.473	NA	4	NA	90	90
550	3	166	428	1340	0	12.6	934.057	421.293	NA	8	NA	90	0
551	3	167	432	1348	0	9.5	943.001	428.318	NA	8.944	NA	63.435	-26.565
552	3	168	436	1348	0	11.6	947.001	427.551	NA	4	NA	0	-63.435
553	3	169	436	1348	0	10.4	947.001	427.551	NA	0	NA	0	0
554	3	170	436	1348	0	5.8	947.001	427.551	NA	0	NA	0	0
555	3	171	436	1348	0	3.4	947.001	427.551	NA	0	NA	0	0
556	3	172	436	1352	0	13.6	951.001	431.481	NA	4	NA	90	90
557	3	173	436	1360	0	14	959.001	439.345	NA	8	NA	90	0
558	3	174	432	1364	0	14	964.658	444.018	NA	5.657	NA	135	45
559	3	175	408	1372	0	21.1	989.956	456.946	NA	25.298	NA	161.565	26.565
560	3	176	404	1380	0	19.4	998.9	465.669	NA	8.944	NA	116.565	-45
561	3	177	404	1380	0	13.9	998.9	465.669	NA	0	NA	0	-116.565
562	3	178	400	1388	0	14.1	1007.844	474.401	NA	8.944	NA	116.565	116.565
563	3	179	396	1416	0	24.6	1036.129	502.538	NA	28.284	NA	98.13	-18.435
564	3	180	396	1440	0	25.4	1060.129	525.875	NA	24	NA	90	-8.13
565	3	181	384	1468	0	27.6	1090.592	555.899	NA	30.463	NA	113.199	23.199
566	3	182	400	1432	0	22.1	1129.987	517.177	NA	39.395	NA	-66.038	-179.236
567	3	183	380	1504	0	23.1	1204.713	591.838	NA	74.726	NA	105.524	171.562
568	3	184	372	1536	0	23.1	1237.698	624.82	NA	32.985	NA	104.036	-1.488
569	3	185	364	1596	0	20.7	1298.229	685.075	NA	60.531	NA	97.595	-6.442
570	3	186	348	1668	0	20.7	1371.986	758.831	NA	73.756	NA	102.529	4.934
571	3	187	348	1656	0	22.7	1383.986	747.133	NA	12	NA	-90	167.471
572	3	188	348	1656	0	26.7	1383.986	747.133	NA	0	NA	0	90
573	3	189	328	1688	0	28.7	1421.722	782.907	NA	37.736	NA	122.005	122.005
574	3	190	336	1688	0	24.3	1429.722	781.025	NA	8	NA	0	-122.005
575	3	191	336	1692	0	28.7	1433.722	784.918	NA	4	NA	90	90
