Nr	TID	PID	x [pixel]	y [pixel]	t [sec]	I [val]	Len [pixel]	D2S [pixel]	D2R [pixel]	D2P [pixel]	v [pixel/sec]	α [deg]	Δα [deg]
1	1	1	555	711	0	194.4	0	0	NA	NA	NA	NA	NA
2	1	2	555	714	0	35.9	3	3	NA	3	NA	90	NA
3	1	3	543	720	0	2.4	16.416	15	NA	13.416	NA	153.435	63.435
4	1	4	543	714	0	182.7	22.416	12.369	NA	6	NA	-90	116.565
5	1	5	549	714	0	212.9	28.416	6.708	NA	6	NA	0	90
6	1	6	543	705	0	169.7	39.233	13.416	NA	10.817	NA	-123.69	-123.69
7	1	7	540	711	0	192.3	45.941	15	NA	6.708	NA	116.565	-119.745
8	1	8	534	711	0	148.2	51.941	21	NA	6	NA	180	63.435
9	1	9	534	711	0	145.5	51.941	21	NA	0	NA	0	-180
10	1	10	537	702	0	5.7	61.428	20.125	NA	9.487	NA	-71.565	-71.565
11	1	11	537	702	0	4.7	61.428	20.125	NA	0	NA	0	71.565
12	1	12	540	693	0	4.7	70.915	23.431	NA	9.487	NA	-71.565	-71.565
13	1	13	543	693	0	1	73.915	21.633	NA	3	NA	0	71.565
14	1	14	543	702	0	4.7	82.915	15	NA	9	NA	90	90
15	1	15	543	714	0	187.4	94.915	12.369	NA	12	NA	90	0
16	1	16	546	723	0	1.5	104.402	15	NA	9.487	NA	71.565	-18.435
17	1	17	552	726	0	2.4	111.11	15.297	NA	6.708	NA	26.565	-45
18	1	18	552	726	0	1.5	111.11	15.297	NA	0	NA	0	-26.565
19	1	19	549	720	0	204.9	117.818	10.817	NA	6.708	NA	-116.565	-116.565
20	1	20	546	717	0	173.4	122.061	10.817	NA	4.243	NA	-135	-18.435
21	1	21	546	714	0	187.6	125.061	9.487	NA	3	NA	-90	45
22	1	22	546	714	0	195.7	125.061	9.487	NA	0	NA	0	90
23	1	23	546	714	0	201.6	125.061	9.487	NA	0	NA	0	0
24	1	24	540	720	0	89.8	133.546	17.493	NA	8.485	NA	135	135
25	1	25	537	720	0	176.2	136.546	20.125	NA	3	NA	180	45
26	1	26	537	720	0	175.1	136.546	20.125	NA	0	NA	0	-180
27	1	27	534	720	0	184.2	139.546	22.847	NA	3	NA	180	180
28	1	28	534	720	0	179.2	139.546	22.847	NA	0	NA	0	-180
29	1	29	534	720	0	181.7	139.546	22.847	NA	0	NA	0	0
30	1	30	534	717	0	167.6	142.546	21.84	NA	3	NA	-90	-90
31	1	31	534	720	0	134.1	145.546	22.847	NA	3	NA	90	180
32	1	32	540	732	0	2.4	158.963	25.807	NA	13.416	NA	63.435	-26.565
33	1	33	540	732	0	2.6	158.963	25.807	NA	0	NA	0	-63.435
34	1	34	537	726	0	1	165.671	23.431	NA	6.708	NA	-116.565	-116.565
35	1	35	537	723	0	8	168.671	21.633	NA	3	NA	-90	26.565
36	1	36	537	723	0	8.4	168.671	21.633	NA	0	NA	0	90
37	1	37	537	723	0	5.5	168.671	21.633	NA	0	NA	0	0
38	1	38	537	723	0	0.6	168.671	21.633	NA	0	NA	0	0
39	1	39	537	723	0	19.7	168.671	21.633	NA	0	NA	0	0
40	1	40	537	723	0	96.8	168.671	21.633	NA	0	NA	0	0
41	1	41	537	723	0	181.8	168.671	21.633	NA	0	NA	0	0
42	1	42	537	723	0	187.5	168.671	21.633	NA	0	NA	0	0
43	1	43	537	723	0	186.5	168.671	21.633	NA	0	NA	0	0
44	1	44	537	723	0	188.8	168.671	21.633	NA	0	NA	0	0
45	1	45	534	717	0	66.4	175.379	21.84	NA	6.708	NA	-116.565	-116.565
46	1	46	531	717	0	1.5	178.379	24.739	NA	3	NA	180	-63.435
47	1	47	531	708	0	3.6	187.379	24.187	NA	9	NA	-90	90
48	1	48	531	723	0	199.5	202.379	26.833	NA	15	NA	90	180
49	1	49	531	729	0	222.3	208.379	30	NA	6	NA	90	0
50	1	50	531	729	0	208.3	208.379	30	NA	0	NA	0	-90
51	1	51	531	723	0	204.1	214.379	26.833	NA	6	NA	-90	-90
52	1	52	531	723	0	205.1	214.379	26.833	NA	0	NA	0	90
53	1	53	531	717	0	3	220.379	24.739	NA	6	NA	-90	-90
54	1	54	531	717	0	5.7	220.379	24.739	NA	0	NA	0	90
55	1	55	531	717	0	16	220.379	24.739	NA	0	NA	0	0
56	1	56	531	717	0	24	220.379	24.739	NA	0	NA	0	0
57	1	57	528	717	0	1	223.379	27.659	NA	3	NA	180	180
58	1	58	528	738	0	1.5	244.379	38.184	NA	21	NA	90	-90
59	1	59	528	726	0	49.9	256.379	30.887	NA	12	NA	-90	-180
60	1	60	528	726	0	3.9	256.379	30.887	NA	0	NA	0	90
61	1	61	528	726	0	1.2	256.379	30.887	NA	0	NA	0	0
62	1	62	528	723	0	10	259.379	29.547	NA	3	NA	-90	-90
63	1	63	528	732	0	44.3	268.379	34.205	NA	9	NA	90	180
64	1	64	525	732	0	203.4	271.379	36.62	NA	3	NA	180	90
65	1	65	525	735	0	184.9	274.379	38.419	NA	3	NA	90	-90
66	1	66	528	741	0	76.9	281.087	40.361	NA	6.708	NA	63.435	-26.565
67	1	67	528	741	0	195.9	281.087	40.361	NA	0	NA	0	-63.435
68	1	68	528	741	0	214.5	281.087	40.361	NA	0	NA	0	0
69	1	69	528	741	0	211.9	281.087	40.361	NA	0	NA	0	0
70	1	70	528	738	0	61.9	284.087	38.184	NA	3	NA	-90	-90
71	1	71	528	747	0	217.6	293.087	45	NA	9	NA	90	180
72	1	72	528	750	0	213.9	296.087	47.434	NA	3	NA	90	0
73	1	73	528	750	0	220.9	296.087	47.434	NA	0	NA	0	-90
74	1	74	528	750	0	215.6	296.087	47.434	NA	0	NA	0	0
75	1	75	528	750	0	215.2	296.087	47.434	NA	0	NA	0	0
76	1	76	528	747	0	194.5	299.087	45	NA	3	NA	-90	-90
77	1	77	528	747	0	224.7	299.087	45	NA	0	NA	0	90
78	1	78	528	738	0	202.3	308.087	38.184	NA	9	NA	-90	-90
79	1	79	528	735	0	196.6	311.087	36.125	NA	3	NA	-90	0
80	1	80	528	735	0	202.3	311.087	36.125	NA	0	NA	0	90
81	1	81	528	735	0	205.3	311.087	36.125	NA	0	NA	0	0
82	1	82	528	726	0	2	320.087	30.887	NA	9	NA	-90	-90
83	1	83	528	723	0	0	323.087	29.547	NA	3	NA	-90	0
84	1	84	531	723	0	2	326.087	26.833	NA	3	NA	0	90
85	1	85	537	735	0	114.3	339.504	30	NA	13.416	NA	63.435	63.435
86	1	86	537	735	0	39.9	339.504	30	NA	0	NA	0	-63.435
87	1	87	537	735	0	88.2	339.504	30	NA	0	NA	0	0
88	1	88	531	732	0	38.4	346.212	31.89	NA	6.708	NA	-153.435	-153.435
89	1	89	531	741	0	186.3	355.212	38.419	NA	9	NA	90	-116.565
90	1	90	531	750	0	217.9	364.212	45.793	NA	9	NA	90	0
91	1	91	531	753	0	217.9	367.212	48.374	NA	3	NA	90	0
92	1	92	534	753	0	210.9	370.212	46.957	NA	3	NA	0	-90
93	1	93	534	753	0	207.2	370.212	46.957	NA	0	NA	0	0
94	1	94	528	750	0	217.5	376.92	47.434	NA	6.708	NA	-153.435	-153.435
95	1	95	528	753	0	199.4	379.92	49.93	NA	3	NA	90	-116.565
96	1	96	528	750	0	231.5	382.92	47.434	NA	3	NA	-90	-180
97	1	97	528	735	0	25.5	397.92	36.125	NA	15	NA	-90	0
98	1	98	528	729	0	41.7	403.92	32.45	NA	6	NA	-90	0
99	1	99	528	729	0	50.4	403.92	32.45	NA	0	NA	0	90
100	1	100	528	726	0	1.5	406.92	30.887	NA	3	NA	-90	-90
101	1	101	528	741	0	225.7	421.92	40.361	NA	15	NA	90	180
102	1	102	528	738	0	183.1	424.92	38.184	NA	3	NA	-90	-180
103	1	103	531	747	0	14	434.407	43.267	NA	9.487	NA	71.565	161.565
104	1	104	531	750	0	14	437.407	45.793	NA	3	NA	90	18.435
105	1	105	531	738	0	203.5	449.407	36.125	NA	12	NA	-90	-180
106	1	106	531	741	0	189.5	452.407	38.419	NA	3	NA	90	180
107	1	107	528	747	0	200.4	459.115	45	NA	6.708	NA	116.565	26.565
108	1	108	528	753	0	201.8	465.115	49.93	NA	6	NA	90	-26.565
109	1	109	525	753	0	163	468.115	51.614	NA	3	NA	180	90
110	1	110	537	765	0	231.7	485.086	56.921	NA	16.971	NA	45	-135
111	1	111	528	765	0	223.4	494.086	60.374	NA	9	NA	180	135
112	1	112	525	765	0	228.4	497.086	61.774	NA	3	NA	180	0
113	1	113	525	762	0	228.4	500.086	59.169	NA	3	NA	-90	90
114	1	114	525	753	0	86.4	509.086	51.614	NA	9	NA	-90	0
115	1	115	522	738	0	24	524.383	42.638	NA	15.297	NA	-101.31	-11.31
116	1	116	522	735	0	24.6	527.383	40.804	NA	3	NA	-90	11.31
117	1	117	528	735	0	1	533.383	36.125	NA	6	NA	0	90
118	1	118	528	726	0	1	542.383	30.887	NA	9	NA	-90	-90
119	1	119	528	723	0	23	545.383	29.547	NA	3	NA	-90	0
120	1	120	528	729	0	9	551.383	32.45	NA	6	NA	90	180
121	1	121	528	738	0	101.4	560.383	38.184	NA	9	NA	90	0
122	1	122	528	741	0	14.4	563.383	40.361	NA	3	NA	90	0
123	1	123	528	747	0	8.4	569.383	45	NA	6	NA	90	0
124	1	124	525	762	0	79.4	584.68	59.169	NA	15.297	NA	101.31	11.31
125	1	125	525	762	0	21.4	584.68	59.169	NA	0	NA	0	-101.31
126	1	126	525	768	0	17	590.68	64.413	NA	6	NA	90	90
127	1	127	525	777	0	61.7	599.68	72.498	NA	9	NA	90	0
128	1	128	528	786	0	229.2	609.166	79.712	NA	9.487	NA	71.565	-18.435
129	1	129	528	786	0	230.2	609.166	79.712	NA	0	NA	0	-71.565
130	1	130	513	774	0	214	628.376	75.717	NA	19.209	NA	-141.34	-141.34
131	1	131	513	774	0	192	628.376	75.717	NA	0	NA	0	141.34
132	1	132	507	771	0	201	635.084	76.837	NA	6.708	NA	-153.435	-153.435
133	1	133	498	768	0	205.9	644.571	80.61	NA	9.487	NA	-161.565	-8.13
134	1	134	492	765	0	213.1	651.279	82.976	NA	6.708	NA	-153.435	8.13
135	1	135	483	765	0	176.7	660.279	90	NA	9	NA	180	-26.565
136	1	136	486	753	0	17.4	672.648	80.777	NA	12.369	NA	-75.964	104.036
137	1	137	486	753	0	1	672.648	80.777	NA	0	NA	0	75.964
138	1	138	489	759	0	175.9	679.357	81.609	NA	6.708	NA	63.435	63.435
139	1	139	498	786	0	8.2	707.817	94.202	NA	28.46	NA	71.565	8.13
140	1	140	498	768	0	212	725.817	80.61	NA	18	NA	-90	-161.565
141	1	141	498	771	0	0	728.817	82.759	NA	3	NA	90	180
142	1	142	498	783	0	201	740.817	91.831	NA	12	NA	90	0
143	1	143	498	792	0	204	749.817	99.045	NA	9	NA	90	0
144	1	144	504	804	0	205.8	763.234	106.066	NA	13.416	NA	63.435	-26.565
145	1	145	507	810	0	233.8	769.942	110.023	NA	6.708	NA	63.435	0
146	1	146	507	813	0	230.1	772.942	112.73	NA	3	NA	90	26.565
147	1	147	507	813	0	239.6	772.942	112.73	NA	0	NA	0	-90
148	1	148	507	807	0	231.4	778.942	107.331	NA	6	NA	-90	-90
149	1	149	510	795	0	217.4	791.311	95.294	NA	12.369	NA	-75.964	14.036
150	1	150	510	786	0	180.1	800.311	87.464	NA	9	NA	-90	-14.036
151	1	151	516	780	0	39.4	808.796	79.259	NA	8.485	NA	-45	45
152	1	152	519	756	0	44	832.983	57.628	NA	24.187	NA	-82.875	-37.875
153	1	153	519	756	0	116.2	832.983	57.628	NA	0	NA	0	82.875
154	1	154	522	768	0	39.6	845.352	65.863	NA	12.369	NA	75.964	75.964
155	1	155	522	771	0	32.6	848.352	68.476	NA	3	NA	90	14.036
156	1	156	522	780	0	59.4	857.352	76.485	NA	9	NA	90	0
157	1	157	525	792	0	60.6	869.722	86.377	NA	12.369	NA	75.964	-14.036
158	1	158	525	798	0	52.2	875.722	92.027	NA	6	NA	90	14.036
159	1	159	540	822	0	117.6	904.024	112.009	NA	28.302	NA	57.995	-32.005
160	1	160	540	840	0	232.8	922.024	129.869	NA	18	NA	90	32.005
161	1	161	540	852	0	192	934.024	141.796	NA	12	NA	90	0
162	1	162	540	855	0	237.3	937.024	144.779	NA	3	NA	90	0
163	1	163	534	846	0	234.9	947.84	136.624	NA	10.817	NA	-123.69	146.31
164	1	164	531	834	0	150.3	960.21	125.32	NA	12.369	NA	-104.036	19.654
165	1	165	528	834	0	30.5	963.21	125.929	NA	3	NA	180	-75.964
166	1	166	525	840	0	233.6	969.918	132.442	NA	6.708	NA	116.565	-63.435
167	1	167	525	834	0	225.6	975.918	126.606	NA	6	NA	-90	153.435
168	1	168	519	828	0	230.4	984.403	122.413	NA	8.485	NA	-135	-45
169	1	169	519	813	0	231.4	999.403	108.167	NA	15	NA	-90	45
170	1	170	528	801	0	29.5	1014.403	93.963	NA	15	NA	-53.13	36.87
171	1	171	528	807	0	43.1	1020.403	99.725	NA	6	NA	90	143.13
172	1	172	528	810	0	19.6	1023.403	102.616	NA	3	NA	90	0
173	1	173	534	834	0	90.8	1048.142	124.78	NA	24.739	NA	75.964	-14.036
174	1	174	534	849	0	222.4	1063.142	139.589	NA	15	NA	90	14.036
175	1	175	534	855	0	56.7	1069.142	145.523	NA	6	NA	90	0
176	1	176	543	870	0	124.3	1086.635	159.452	NA	17.493	NA	59.036	-30.964
177	1	177	549	885	0	107.9	1102.79	174.103	NA	16.155	NA	68.199	9.162
178	1	178	549	894	0	66.4	1111.79	183.098	NA	9	NA	90	21.801
179	1	179	549	909	0	90.7	1126.79	198.091	NA	15	NA	90	0
180	1	180	549	918	0	113.7	1135.79	207.087	NA	9	NA	90	0
181	1	181	558	912	0	182.5	1146.607	201.022	NA	10.817	NA	-33.69	-123.69
182	1	182	573	921	0	136.1	1164.1	210.77	NA	17.493	NA	30.964	64.654
183	1	183	576	912	0	86.1	1173.586	202.094	NA	9.487	NA	-71.565	-102.529
184	1	184	579	894	0	65.1	1191.835	184.567	NA	18.248	NA	-80.538	-8.973
185	1	185	579	882	0	16.3	1203.835	172.676	NA	12	NA	-90	-9.462
186	1	186	588	891	0	80	1216.563	183	NA	12.728	NA	45	135
187	1	187	588	891	0	82.7	1216.563	183	NA	0	NA	0	-45
188	1	188	588	882	0	139.2	1225.563	174.155	NA	9	NA	-90	-90
189	1	189	585	873	0	143.3	1235.049	164.754	NA	9.487	NA	-108.435	-18.435
190	1	190	588	885	0	90.4	1247.419	177.102	NA	12.369	NA	75.964	-175.601
191	1	191	615	882	0	38.1	1274.585	181.221	NA	27.166	NA	-6.34	-82.304
192	1	192	615	882	0	88.1	1274.585	181.221	NA	0	NA	0	6.34
193	1	193	630	915	0	104.6	1310.834	217.35	NA	36.249	NA	65.556	65.556
194	1	194	645	948	0	91.8	1347.083	253.513	NA	36.249	NA	65.556	0
195	1	195	657	960	0	140.7	1364.054	269.082	NA	16.971	NA	45	-20.556
196	1	196	678	966	0	144.2	1385.894	283.115	NA	21.84	NA	15.945	-29.055
197	1	197	684	975	0	132.3	1396.711	293.832	NA	10.817	NA	56.31	40.365
198	1	198	732	984	0	92.8	1445.547	325.358	NA	48.836	NA	10.62	-45.69
199	2	1	441	714	0	37.7	0	0	NA	NA	NA	NA	NA
200	2	2	441	720	0	193.3	6	6	NA	6	NA	90	NA
201	2	3	441	723	0	219.1	9	9	NA	3	NA	90	0
202	2	4	441	723	0	213.1	9	9	NA	0	NA	0	-90
203	2	5	441	723	0	211.1	9	9	NA	0	NA	0	0
204	2	6	441	723	0	227.1	9	9	NA	0	NA	0	0
205	2	7	441	726	0	213.3	12	12	NA	3	NA	90	90
206	2	8	441	726	0	213	12	12	NA	0	NA	0	-90
207	2	9	438	729	0	24.6	16.243	15.297	NA	4.243	NA	135	135
208	2	10	438	732	0	35.2	19.243	18.248	NA	3	NA	90	-45
209	2	11	438	726	0	210.8	25.243	12.369	NA	6	NA	-90	-180
210	2	12	438	726	0	219.9	25.243	12.369	NA	0	NA	0	90
211	2	13	435	726	0	65.1	28.243	13.416	NA	3	NA	180	180
212	2	14	435	726	0	35.1	28.243	13.416	NA	0	NA	0	-180
213	2	15	435	726	0	19.9	28.243	13.416	NA	0	NA	0	0
214	2	16	435	726	0	16.3	28.243	13.416	NA	0	NA	0	0
215	2	17	435	726	0	15.1	28.243	13.416	NA	0	NA	0	0
216	2	18	435	726	0	19.9	28.243	13.416	NA	0	NA	0	0
217	2	19	432	729	0	64.2	32.485	17.493	NA	4.243	NA	135	135
218	2	20	432	729	0	64.2	32.485	17.493	NA	0	NA	0	-135
219	2	21	435	720	0	26.7	41.972	8.485	NA	9.487	NA	-71.565	-71.565
220	2	22	435	723	0	36.2	44.972	10.817	NA	3	NA	90	161.565
221	2	23	435	726	0	41.5	47.972	13.416	NA	3	NA	90	0
222	2	24	435	729	0	37.6	50.972	16.155	NA	3	NA	90	0
223	2	25	435	732	0	26.7	53.972	18.974	NA	3	NA	90	0
224	2	26	435	732	0	31.6	53.972	18.974	NA	0	NA	0	-90
225	2	27	435	732	0	32.7	53.972	18.974	NA	0	NA	0	0
226	2	28	435	732	0	38.6	53.972	18.974	NA	0	NA	0	0
227	2	29	432	732	0	21.2	56.972	20.125	NA	3	NA	180	180
228	2	30	435	735	0	38.4	61.215	21.84	NA	4.243	NA	45	-135
229	2	31	435	723	0	28.1	73.215	10.817	NA	12	NA	-90	-135
230	2	32	435	720	0	68.8	76.215	8.485	NA	3	NA	-90	0
231	2	33	435	717	0	113	79.215	6.708	NA	3	NA	-90	0
232	2	34	435	717	0	152.9	79.215	6.708	NA	0	NA	0	90
233	2	35	435	723	0	101.2	85.215	10.817	NA	6	NA	90	90
234	2	36	435	735	0	37	97.215	21.84	NA	12	NA	90	0
235	2	37	435	720	0	213.9	112.215	8.485	NA	15	NA	-90	-180
236	2	38	438	720	0	207.3	115.215	6.708	NA	3	NA	0	90
237	2	39	435	720	0	211.9	118.215	8.485	NA	3	NA	180	180
238	2	40	435	720	0	203.4	118.215	8.485	NA	0	NA	0	-180
239	2	41	435	720	0	205.3	118.215	8.485	NA	0	NA	0	0
240	2	42	435	720	0	117.4	118.215	8.485	NA	0	NA	0	0
241	2	43	432	732	0	88.2	130.584	20.125	NA	12.369	NA	104.036	104.036
242	2	44	429	729	0	202.6	134.827	19.209	NA	4.243	NA	-135	120.964
243	2	45	426	735	0	53.5	141.535	25.807	NA	6.708	NA	116.565	-108.435
244	2	46	426	735	0	156.9	141.535	25.807	NA	0	NA	0	-116.565
245	2	47	426	729	0	187.7	147.535	21.213	NA	6	NA	-90	-90
246	2	48	429	726	0	227.3	151.778	16.971	NA	4.243	NA	-45	45
247	2	49	423	735	0	117.6	162.594	27.659	NA	10.817	NA	123.69	168.69
248	2	50	423	741	0	145.5	168.594	32.45	NA	6	NA	90	-33.69
249	2	51	423	747	0	28.2	174.594	37.59	NA	6	NA	90	0
250	2	52	423	756	0	30	183.594	45.695	NA	9	NA	90	0
251	2	53	423	753	0	36	186.594	42.953	NA	3	NA	-90	-180
252	2	54	423	750	0	61.7	189.594	40.249	NA	3	NA	-90	0
253	2	55	423	747	0	159.8	192.594	37.59	NA	3	NA	-90	0
254	2	56	420	741	0	202.3	199.302	34.205	NA	6.708	NA	-116.565	-26.565
255	2	57	420	735	0	208.6	205.302	29.698	NA	6	NA	-90	26.565
256	2	58	417	729	0	15.9	212.011	28.302	NA	6.708	NA	-116.565	-26.565
257	2	59	417	729	0	20.7	212.011	28.302	NA	0	NA	0	116.565
258	2	60	420	732	0	208.6	216.253	27.659	NA	4.243	NA	45	45
259	2	61	420	741	0	96.8	225.253	34.205	NA	9	NA	90	45
260	2	62	420	747	0	212.1	231.253	39.115	NA	6	NA	90	0
261	2	63	420	756	0	57	240.253	46.957	NA	9	NA	90	0
262	2	64	414	741	0	89.9	256.409	38.184	NA	16.155	NA	-111.801	158.199
263	2	65	414	750	0	139	265.409	45	NA	9	NA	90	-158.199
264	2	66	417	756	0	216.6	272.117	48.374	NA	6.708	NA	63.435	-26.565
265	2	67	414	747	0	85	281.604	42.638	NA	9.487	NA	-108.435	-171.87
266	2	68	420	765	0	97.7	300.577	55.154	NA	18.974	NA	71.565	180
267	2	69	420	780	0	75.5	315.577	69.26	NA	15	NA	90	18.435
268	2	70	417	771	0	106.1	325.064	61.847	NA	9.487	NA	-108.435	161.565
269	2	71	414	777	0	53.5	331.772	68.542	NA	6.708	NA	116.565	-135
270	2	72	414	777	0	53.5	331.772	68.542	NA	0	NA	0	-116.565
271	2	73	411	783	0	57.1	338.481	75.24	NA	6.708	NA	116.565	116.565
272	2	74	411	783	0	57.1	338.481	75.24	NA	0	NA	0	-116.565
273	2	75	411	780	0	61.5	341.481	72.498	NA	3	NA	-90	-90
274	2	76	411	771	0	189.9	350.481	64.413	NA	9	NA	-90	0
275	2	77	405	771	0	250.2	356.481	67.417	NA	6	NA	180	-90
276	2	78	405	756	0	239.7	371.481	55.317	NA	15	NA	-90	90
277	2	79	405	756	0	242.3	371.481	55.317	NA	0	NA	0	90
278	2	80	405	756	0	243.3	371.481	55.317	NA	0	NA	0	0
279	2	81	405	747	0	238.7	380.481	48.836	NA	9	NA	-90	-90
280	2	82	405	738	0	227	389.481	43.267	NA	9	NA	-90	0
281	2	83	405	735	0	229	392.481	41.677	NA	3	NA	-90	0
282	2	84	405	729	0	231.6	398.481	39	NA	6	NA	-90	0
283	2	85	405	726	0	232.7	401.481	37.947	NA	3	NA	-90	0
284	2	86	405	714	0	79.3	413.481	36	NA	12	NA	-90	0
285	2	87	405	717	0	78.2	416.481	36.125	NA	3	NA	90	180
286	2	88	405	729	0	243.5	428.481	39	NA	12	NA	90	0
287	2	89	405	732	0	236.1	431.481	40.249	NA	3	NA	90	0
288	2	90	402	741	0	224.8	440.968	47.434	NA	9.487	NA	108.435	18.435
289	2	91	402	750	0	229.6	449.968	53.075	NA	9	NA	90	-18.435
290	2	92	402	756	0	243.5	455.968	57.315	NA	6	NA	90	0
291	2	93	402	756	0	250.1	455.968	57.315	NA	0	NA	0	-90
292	2	94	399	744	0	216.4	468.337	51.614	NA	12.369	NA	-104.036	-104.036
293	2	95	399	741	0	187.6	471.337	49.93	NA	3	NA	-90	14.036
294	2	96	399	735	0	82.3	477.337	46.957	NA	6	NA	-90	0
295	2	97	396	729	0	78.2	484.045	47.434	NA	6.708	NA	-116.565	-26.565
296	2	98	396	729	0	101	484.045	47.434	NA	0	NA	0	116.565
297	2	99	396	738	0	48.9	493.045	51	NA	9	NA	90	90
298	2	100	396	747	0	210.6	502.045	55.803	NA	9	NA	90	0
299	2	101	393	744	0	95.4	506.288	56.604	NA	4.243	NA	-135	135
300	2	102	393	744	0	61.6	506.288	56.604	NA	0	NA	0	135
301	2	103	390	750	0	96.8	512.996	62.426	NA	6.708	NA	116.565	116.565
302	2	104	390	768	0	220	530.996	74.277	NA	18	NA	90	-26.565
303	2	105	390	765	0	171.9	533.996	72.125	NA	3	NA	-90	-180
304	2	106	384	768	0	95.2	540.704	78.518	NA	6.708	NA	153.435	-116.565
305	2	107	375	777	0	124.7	553.432	91.241	NA	12.728	NA	135	-18.435
306	2	108	375	780	0	79	556.432	93.338	NA	3	NA	90	-45
307	2	109	372	774	0	230.2	563.14	91.439	NA	6.708	NA	-116.565	153.435
308	2	110	372	777	0	80.2	566.14	93.434	NA	3	NA	90	-153.435
309	2	111	372	768	0	231.3	575.14	87.618	NA	9	NA	-90	-180
310	2	112	372	762	0	225	581.14	84.054	NA	6	NA	-90	0
311	2	113	372	762	0	232.9	581.14	84.054	NA	0	NA	0	90
312	2	114	372	747	0	235	596.14	76.485	NA	15	NA	-90	-90
313	2	115	372	750	0	221.1	599.14	77.827	NA	3	NA	90	180
314	2	116	372	759	0	107.2	608.14	82.377	NA	9	NA	90	0
315	2	117	372	759	0	89.6	608.14	82.377	NA	0	NA	0	-90
316	2	118	372	744	0	232.8	623.14	75.24	NA	15	NA	-90	-90
317	2	119	372	744	0	46.6	623.14	75.24	NA	0	NA	0	90
318	2	120	372	744	0	53.8	623.14	75.24	NA	0	NA	0	0
319	2	121	369	747	0	47	627.383	79.202	NA	4.243	NA	135	135
320	2	122	369	747	0	119	627.383	79.202	NA	0	NA	0	-135
321	2	123	369	753	0	218	633.383	81.884	NA	6	NA	90	90
322	2	124	369	753	0	204.8	633.383	81.884	NA	0	NA	0	-90
323	2	125	357	753	0	93.2	645.383	92.612	NA	12	NA	180	180
324	2	126	357	756	0	113.2	648.383	93.915	NA	3	NA	90	-90
325	2	127	357	756	0	103.8	648.383	93.915	NA	0	NA	0	-90
326	2	128	357	768	0	151.2	660.383	99.86	NA	12	NA	90	90
327	2	129	354	768	0	123	663.383	102.396	NA	3	NA	180	90
328	2	130	339	768	0	61.8	678.383	115.412	NA	15	NA	180	0
329	2	131	339	768	0	63.8	678.383	115.412	NA	0	NA	0	-180
330	2	132	330	768	0	62.8	687.383	123.438	NA	9	NA	180	180
331	2	133	324	768	0	222.2	693.383	128.86	NA	6	NA	180	0
332	2	134	318	765	0	224.6	700.091	133.154	NA	6.708	NA	-153.435	26.565
333	2	135	318	762	0	228	703.091	132.034	NA	3	NA	-90	63.435
334	2	136	315	780	0	225.8	721.339	142.239	NA	18.248	NA	99.462	-170.538
335	2	137	315	777	0	102.2	724.339	140.872	NA	3	NA	-90	170.538
336	2	138	309	789	0	223.5	737.756	151.819	NA	13.416	NA	116.565	-153.435
337	2	139	309	804	0	225.8	752.756	159.762	NA	15	NA	90	-26.565
338	2	140	309	810	0	228.3	758.756	163.218	NA	6	NA	90	0
339	2	141	309	813	0	117.6	761.756	165	NA	3	NA	90	0
340	2	142	306	807	0	231.8	768.464	163.933	NA	6.708	NA	-116.565	153.435
341	2	143	306	825	0	111.4	786.464	174.774	NA	18	NA	90	-153.435
342	2	144	306	828	0	100.5	789.464	176.695	NA	3	NA	90	0
343	2	145	303	825	0	68.4	793.707	177.102	NA	4.243	NA	-135	135
344	2	146	297	825	0	76.4	799.707	181.816	NA	6	NA	180	-45
345	2	147	297	822	0	69.6	802.707	180	NA	3	NA	-90	90
346	2	148	294	822	0	100.3	805.707	182.409	NA	3	NA	180	-90
347	2	149	291	816	0	48.6	812.415	181.395	NA	6.708	NA	-116.565	63.435
348	2	150	288	810	0	62.6	819.123	180.624	NA	6.708	NA	-116.565	0
349	2	151	288	810	0	133	819.123	180.624	NA	0	NA	0	116.565
350	2	152	279	801	0	221.1	831.851	183.883	NA	12.728	NA	-135	-135
351	2	153	270	792	0	211.9	844.579	187.949	NA	12.728	NA	-135	0
352	2	154	270	792	0	229.1	844.579	187.949	NA	0	NA	0	135
353	2	155	270	780	0	230.1	856.579	183.295	NA	12	NA	-90	-90
354	2	156	270	771	0	195.4	865.579	180.25	NA	9	NA	-90	0
355	2	157	270	762	0	229.3	874.579	177.609	NA	9	NA	-90	0
356	2	158	270	783	0	140.4	895.579	184.396	NA	21	NA	90	180
357	2	159	270	786	0	125.4	898.579	185.54	NA	3	NA	90	0
358	2	160	261	795	0	128.9	911.307	197.385	NA	12.728	NA	135	45
359	2	161	258	807	0	101.5	923.676	205.275	NA	12.369	NA	104.036	-30.964
360	2	162	243	810	0	197.6	938.973	220.045	NA	15.297	NA	168.69	64.654
361	2	163	240	807	0	85.9	943.216	221.472	NA	4.243	NA	-135	56.31
362	2	164	237	810	0	168.5	947.458	225.46	NA	4.243	NA	135	-90
363	2	165	231	822	0	104.3	960.875	236.144	NA	13.416	NA	116.565	-18.435
364	2	166	216	825	0	96.7	976.172	250.89	NA	15.297	NA	168.69	52.125
365	2	167	195	825	0	234.9	997.172	269.883	NA	21	NA	180	11.31
366	2	168	189	834	0	232.5	1007.989	279.113	NA	10.817	NA	123.69	-56.31
367	2	169	189	846	0	231.6	1019.989	284.478	NA	12	NA	90	-33.69
368	2	170	183	870	0	33.7	1044.727	301.496	NA	24.739	NA	104.036	14.036
369	2	171	159	867	0	232.9	1068.914	320.832	NA	24.187	NA	-172.875	83.089
370	2	172	159	870	0	232.9	1071.914	322.273	NA	3	NA	90	-97.125
371	2	173	159	870	0	175.5	1071.914	322.273	NA	0	NA	0	-90
372	2	174	159	873	0	92.7	1074.914	323.736	NA	3	NA	90	90
373	2	175	156	897	0	144.4	1099.101	338.695	NA	24.187	NA	97.125	7.125
374	2	176	138	903	0	91.7	1118.074	357.113	NA	18.974	NA	161.565	64.44
375	2	177	135	912	0	144.4	1127.561	364.472	NA	9.487	NA	108.435	-53.13
376	2	178	132	924	0	101.1	1139.931	373.605	NA	12.369	NA	104.036	-4.399
377	2	179	123	942	0	117.5	1160.055	391.29	NA	20.125	NA	116.565	12.529
378	2	180	117	942	0	138.5	1166.055	396.182	NA	6	NA	180	63.435
379	2	181	108	942	0	81.5	1175.055	403.575	NA	9	NA	180	0
380	2	182	108	939	0	128.8	1178.055	401.888	NA	3	NA	-90	90
381	2	183	108	933	0	172.1	1184.055	398.56	NA	6	NA	-90	0
382	2	184	105	930	0	217.5	1188.298	399.44	NA	4.243	NA	-135	-45
383	2	185	105	930	0	78.8	1188.298	399.44	NA	0	NA	0	135
384	2	186	105	921	0	159.5	1197.298	394.645	NA	9	NA	-90	-90
385	2	187	105	915	0	103.3	1203.298	391.532	NA	6	NA	-90	0
386	2	188	105	909	0	115.2	1209.298	388.486	NA	6	NA	-90	0
387	2	189	99	891	0	96.5	1228.271	385.088	NA	18.974	NA	-108.435	-18.435
388	2	190	96	891	0	98.7	1231.271	387.755	NA	3	NA	180	-71.565
389	2	191	57	873	0	148.5	1274.225	415.616	NA	42.953	NA	-155.225	24.775
390	2	192	57	870	0	130.2	1277.225	414.478	NA	3	NA	-90	65.225
391	2	193	48	885	0	126.7	1294.718	428.591	NA	17.493	NA	120.964	-149.036
392	2	194	45	909	0	128.7	1318.905	441.408	NA	24.187	NA	97.125	-23.839
393	2	195	33	924	0	120.9	1338.114	458.873	NA	19.209	NA	128.66	31.535
394	2	196	24	942	0	108.9	1358.239	475.261	NA	20.125	NA	116.565	-12.095
395	2	197	18	960	0	116.3	1377.212	489.331	NA	18.974	NA	108.435	-8.13
396	2	198	12	987	0	135	1404.871	508.498	NA	27.659	NA	102.529	-5.906
397	2	199	18	1026	0	103.5	1444.33	525.617	NA	39.459	NA	81.254	-21.275
398	2	200	18	1026	0	105.6	1444.33	525.617	NA	0	NA	0	-81.254
399	3	1	525	807	0	3.4	0	0	NA	NA	NA	NA	NA
400	3	2	525	822	0	2.4	15	15	NA	15	NA	90	NA
401	3	3	525	831	0	3.4	24	24	NA	9	NA	90	0
402	3	4	525	834	0	2.4	27	27	NA	3	NA	90	0
403	3	5	525	840	0	2.4	33	33	NA	6	NA	90	0
404	3	6	531	843	0	2.4	39.708	36.497	NA	6.708	NA	26.565	-63.435
405	3	7	531	852	0	1.5	48.708	45.398	NA	9	NA	90	63.435
406	3	8	531	855	0	1.5	51.708	48.374	NA	3	NA	90	0
407	3	9	528	849	0	2.4	58.416	42.107	NA	6.708	NA	-116.565	153.435
408	3	10	528	846	0	2.4	61.416	39.115	NA	3	NA	-90	26.565
409	3	11	528	846	0	2.4	61.416	39.115	NA	0	NA	0	90
410	3	12	528	846	0	2.4	61.416	39.115	NA	0	NA	0	0
411	3	13	525	843	0	2.4	65.659	36	NA	4.243	NA	-135	-135
412	3	14	525	843	0	2.4	65.659	36	NA	0	NA	0	135
413	3	15	525	846	0	2.4	68.659	39	NA	3	NA	90	90
414	3	16	525	852	0	1.5	74.659	45	NA	6	NA	90	0
415	3	17	525	864	0	1.5	86.659	57	NA	12	NA	90	0
416	3	18	528	873	0	1.5	96.146	66.068	NA	9.487	NA	71.565	-18.435
417	3	19	528	867	0	1.5	102.146	60.075	NA	6	NA	-90	-161.565
418	3	20	528	858	0	1.5	111.146	51.088	NA	9	NA	-90	0
419	3	21	528	852	0	1.5	117.146	45.1	NA	6	NA	-90	0
420	3	22	528	852	0	1.5	117.146	45.1	NA	0	NA	0	90
421	3	25	537	864	0	2.6	132.146	58.249	NA	15	NA	53.13	53.13
422	3	26	537	861	0	2.6	135.146	55.317	NA	3	NA	-90	-143.13
423	3	27	537	855	0	2.6	141.146	49.477	NA	6	NA	-90	0
424	3	28	537	855	0	1	141.146	49.477	NA	0	NA	0	90
425	3	29	537	858	0	1.5	144.146	52.393	NA	3	NA	90	90
426	3	30	522	858	0	2.6	159.146	51.088	NA	15	NA	180	90
427	3	31	525	852	0	3	165.854	45	NA	6.708	NA	-63.435	116.565
428	3	32	525	852	0	5	165.854	45	NA	0	NA	0	63.435
429	3	33	525	852	0	5	165.854	45	NA	0	NA	0	0
430	3	34	525	858	0	2.6	171.854	51	NA	6	NA	90	90
431	3	35	525	858	0	2.6	171.854	51	NA	0	NA	0	-90
432	3	36	525	861	0	3	174.854	54	NA	3	NA	90	90
433	3	37	525	861	0	3	174.854	54	NA	0	NA	0	-90
434	3	38	519	861	0	3.4	180.854	54.332	NA	6	NA	180	180
435	3	39	516	861	0	3.4	183.854	54.745	NA	3	NA	180	0
436	3	40	516	864	0	2.4	186.854	57.706	NA	3	NA	90	-90
437	3	41	516	864	0	1.5	186.854	57.706	NA	0	NA	0	-90
438	3	42	516	864	0	2.4	186.854	57.706	NA	0	NA	0	0
439	3	43	516	858	0	3	192.854	51.788	NA	6	NA	-90	-90
440	3	44	516	858	0	2	192.854	51.788	NA	0	NA	0	90
441	3	45	516	858	0	2.2	192.854	51.788	NA	0	NA	0	0
442	3	46	513	858	0	3.3	195.854	52.393	NA	3	NA	180	180
443	3	47	513	849	0	1.2	204.854	43.681	NA	9	NA	-90	90
444	3	48	513	849	0	2.2	204.854	43.681	NA	0	NA	0	90
445	3	49	513	849	0	2.2	204.854	43.681	NA	0	NA	0	0
446	3	50	513	849	0	2.2	204.854	43.681	NA	0	NA	0	0
447	3	51	513	849	0	2.2	204.854	43.681	NA	0	NA	0	0
448	3	52	513	855	0	2.6	210.854	49.477	NA	6	NA	90	90
449	3	53	516	864	0	3.3	220.341	57.706	NA	9.487	NA	71.565	-18.435
450	3	54	516	864	0	3.3	220.341	57.706	NA	0	NA	0	-71.565
451	3	55	516	867	0	2.6	223.341	60.671	NA	3	NA	90	90
452	3	56	516	867	0	3.6	223.341	60.671	NA	0	NA	0	-90
453	3	57	516	867	0	3.6	223.341	60.671	NA	0	NA	0	0
454	3	58	516	867	0	3.6	223.341	60.671	NA	0	NA	0	0
455	3	59	516	867	0	2.6	223.341	60.671	NA	0	NA	0	0
456	3	60	516	867	0	4.6	223.341	60.671	NA	0	NA	0	0
457	3	61	516	867	0	4.6	223.341	60.671	NA	0	NA	0	0
458	3	62	516	867	0	3.3	223.341	60.671	NA	0	NA	0	0
459	3	63	516	870	0	3.4	226.341	63.64	NA	3	NA	90	90
460	3	64	516	873	0	3	229.341	66.611	NA	3	NA	90	0
461	3	65	516	879	0	3	235.341	72.56	NA	6	NA	90	0
462	3	66	516	882	0	4.7	238.341	75.538	NA	3	NA	90	0
463	3	67	516	897	0	4.7	253.341	90.449	NA	15	NA	90	0
464	3	68	516	900	0	8	256.341	93.434	NA	3	NA	90	0
465	3	69	516	906	0	11.6	262.341	99.408	NA	6	NA	90	0
466	3	70	510	906	0	16	268.341	100.13	NA	6	NA	180	90
467	3	71	507	906	0	21	271.341	100.623	NA	3	NA	180	0
468	3	72	507	900	0	19.7	277.341	94.726	NA	6	NA	-90	90
469	3	73	507	897	0	17.4	280.341	91.782	NA	3	NA	-90	0
470	3	74	507	897	0	16.4	280.341	91.782	NA	0	NA	0	90
471	3	75	507	903	0	16.4	286.341	97.673	NA	6	NA	90	90
472	3	76	507	900	0	14	289.341	94.726	NA	3	NA	-90	-180
473	3	77	507	900	0	12.9	289.341	94.726	NA	0	NA	0	90
474	3	78	504	894	0	6	296.049	89.499	NA	6.708	NA	-116.565	-116.565
475	3	79	504	900	0	7.2	302.049	95.341	NA	6	NA	90	-153.435
476	3	80	504	897	0	4.7	305.049	92.418	NA	3	NA	-90	-180
477	3	81	501	885	0	9	317.418	81.609	NA	12.369	NA	-104.036	-14.036
478	3	82	507	903	0	3	336.392	97.673	NA	18.974	NA	71.565	175.601
479	3	83	507	909	0	5.6	342.392	103.576	NA	6	NA	90	18.435
480	3	84	507	912	0	5.6	345.392	106.532	NA	3	NA	90	0
481	3	85	504	912	0	3	348.392	107.079	NA	3	NA	180	90
482	3	86	501	912	0	5.6	351.392	107.708	NA	3	NA	180	0
483	3	87	501	915	0	5.6	354.392	110.635	NA	3	NA	90	-90
484	3	88	510	930	0	3.6	371.885	123.911	NA	17.493	NA	59.036	-30.964
485	3	89	510	930	0	3.6	371.885	123.911	NA	0	NA	0	-59.036
486	3	90	510	930	0	3.6	371.885	123.911	NA	0	NA	0	0
487	3	91	510	933	0	3	374.885	126.89	NA	3	NA	90	90
488	3	92	510	936	0	3.6	377.885	129.869	NA	3	NA	90	0
489	3	93	510	936	0	3.6	377.885	129.869	NA	0	NA	0	-90
490	3	94	507	933	0	10.4	382.128	127.279	NA	4.243	NA	-135	-135
491	3	95	504	921	0	7.4	394.497	115.918	NA	12.369	NA	-104.036	30.964
492	3	96	504	918	0	7.4	397.497	112.969	NA	3	NA	-90	14.036
493	3	97	504	915	0	5.5	400.497	110.023	NA	3	NA	-90	0
494	3	98	498	918	0	5.7	407.205	114.237	NA	6.708	NA	153.435	-116.565
495	3	99	495	924	0	9	413.913	120.785	NA	6.708	NA	116.565	-36.87
496	3	100	495	930	0	8	419.913	126.606	NA	6	NA	90	-26.565
497	3	101	495	936	0	8	425.913	132.442	NA	6	NA	90	0
498	3	102	495	948	0	10.6	437.913	144.156	NA	12	NA	90	0
499	3	103	495	960	0	12.6	449.913	155.913	NA	12	NA	90	0
500	3	104	495	966	0	16.2	455.913	161.805	NA	6	NA	90	0
501	3	105	492	990	0	19.9	480.1	185.952	NA	24.187	NA	97.125	7.125
502	3	106	492	990	0	24.2	480.1	185.952	NA	0	NA	0	-97.125
503	3	107	492	1005	0	28.2	495.1	200.731	NA	15	NA	90	90
504	3	108	492	1014	0	25.6	504.1	209.614	NA	9	NA	90	0
505	3	109	492	1014	0	25.6	504.1	209.614	NA	0	NA	0	-90
506	3	110	504	1023	0	27	519.1	217.018	NA	15	NA	36.87	36.87
507	3	111	501	1014	0	23.2	528.587	208.387	NA	9.487	NA	-108.435	-145.305
508	3	112	495	1005	0	18.8	539.404	200.26	NA	10.817	NA	-123.69	-15.255
509	3	113	495	1005	0	16.4	539.404	200.26	NA	0	NA	0	123.69
510	3	114	495	1005	0	16.4	539.404	200.26	NA	0	NA	0	0
511	3	115	495	1005	0	15.2	539.404	200.26	NA	0	NA	0	0
512	3	116	495	996	0	14.8	548.404	191.366	NA	9	NA	-90	-90
513	3	117	495	996	0	12.8	548.404	191.366	NA	0	NA	0	90
514	3	118	495	996	0	7.8	548.404	191.366	NA	0	NA	0	0
515	3	119	495	987	0	8.2	557.404	182.483	NA	9	NA	-90	-90
516	3	120	495	984	0	9.2	560.404	179.524	NA	3	NA	-90	0
517	3	121	495	984	0	9.2	560.404	179.524	NA	0	NA	0	90
518	3	122	495	984	0	9.2	560.404	179.524	NA	0	NA	0	0
519	3	123	495	999	0	10.2	575.404	194.33	NA	15	NA	90	90
520	3	124	495	1011	0	2.4	587.404	206.194	NA	12	NA	90	0
521	3	125	495	1014	0	4.8	590.404	209.163	NA	3	NA	90	0
522	3	126	495	1020	0	5.8	596.404	215.102	NA	6	NA	90	0
523	3	127	492	1020	0	10.2	599.404	215.541	NA	3	NA	180	90
524	3	128	489	1017	0	12.9	603.646	213.063	NA	4.243	NA	-135	45
525	3	129	477	1017	0	10.2	615.646	215.416	NA	12	NA	180	-45
526	3	130	471	1026	0	12.6	626.463	225.559	NA	10.817	NA	123.69	-56.31
527	3	131	471	1029	0	15.4	629.463	228.473	NA	3	NA	90	-33.69
528	3	132	471	1047	0	24.2	647.463	246	NA	18	NA	90	0
529	3	133	471	1050	0	28.2	650.463	248.928	NA	3	NA	90	0
530	3	134	471	1059	0	25.6	659.463	257.721	NA	9	NA	90	0
531	3	135	471	1059	0	20.8	659.463	257.721	NA	0	NA	0	-90
532	3	136	477	1068	0	17.1	670.28	265.377	NA	10.817	NA	56.31	56.31
533	3	137	477	1071	0	18.8	673.28	268.328	NA	3	NA	90	33.69
534	3	138	477	1101	0	20.6	703.28	297.893	NA	30	NA	90	0
535	3	139	477	1107	0	25.4	709.28	303.816	NA	6	NA	90	0
536	3	140	477	1122	0	30.2	724.28	318.636	NA	15	NA	90	0
537	3	141	477	1122	0	34.6	724.28	318.636	NA	0	NA	0	-90
538	3	142	477	1128	0	32.4	730.28	324.569	NA	6	NA	90	90
539	3	143	480	1152	0	33.6	754.466	347.922	NA	24.187	NA	82.875	-7.125
540	3	144	489	1158	0	21.9	765.283	352.841	NA	10.817	NA	33.69	-49.185
541	3	145	489	1170	0	20.6	777.283	364.781	NA	12	NA	90	56.31
542	3	146	489	1179	0	19.6	786.283	373.738	NA	9	NA	90	0
543	3	147	486	1194	0	28.9	801.58	388.96	NA	15.297	NA	101.31	11.31
544	3	148	486	1218	0	27.6	825.58	412.846	NA	24	NA	90	-11.31
545	3	149	486	1230	0	26.6	837.58	424.794	NA	12	NA	90	0
546	3	150	486	1239	0	23.5	846.58	433.757	NA	9	NA	90	0
547	3	151	489	1248	0	21.9	856.067	442.467	NA	9.487	NA	71.565	-18.435
548	3	152	489	1260	0	21.9	868.067	454.428	NA	12	NA	90	18.435
549	3	153	489	1260	0	18.2	868.067	454.428	NA	0	NA	0	-90
550	3	154	489	1260	0	17.6	868.067	454.428	NA	0	NA	0	0
551	3	155	489	1260	0	17.3	868.067	454.428	NA	0	NA	0	0
552	3	156	489	1281	0	15.1	889.067	475.365	NA	21	NA	90	90
553	3	157	492	1284	0	17.6	893.309	478.14	NA	4.243	NA	45	-45
554	3	158	492	1284	0	19.6	893.309	478.14	NA	0	NA	0	-45
555	3	159	498	1287	0	23.5	900.018	480.759	NA	6.708	NA	26.565	26.565
556	3	160	501	1293	0	21	906.726	486.592	NA	6.708	NA	63.435	36.87
557	3	161	504	1296	0	27.8	910.969	489.451	NA	4.243	NA	45	-18.435
558	3	162	495	1293	0	33.8	920.455	486.925	NA	9.487	NA	-161.565	153.435
559	3	163	486	1302	0	20.6	933.183	496.534	NA	12.728	NA	135	-63.435
560	3	164	483	1314	0	19.8	945.553	508.737	NA	12.369	NA	104.036	-30.964
561	3	165	477	1347	0	23.1	979.094	542.129	NA	33.541	NA	100.305	-3.731
562	3	166	498	1368	0	24.6	1008.792	561.649	NA	29.698	NA	45	-55.305
563	3	167	495	1365	0	28.7	1013.035	558.806	NA	4.243	NA	-135	-180
564	3	168	498	1377	0	29.1	1025.404	570.639	NA	12.369	NA	75.964	-149.036
565	3	169	498	1398	0	27.8	1046.404	591.616	NA	21	NA	90	14.036
566	3	170	498	1434	0	28.7	1082.404	627.581	NA	36	NA	90	0
567	3	171	498	1443	0	30.1	1091.404	636.573	NA	9	NA	90	0
568	3	172	498	1461	0	31.5	1109.404	654.557	NA	18	NA	90	0
569	3	173	498	1506	0	34.7	1154.404	699.521	NA	45	NA	90	0
570	3	174	501	1545	0	23.1	1193.519	738.39	NA	39.115	NA	85.601	-4.399
571	3	175	504	1578	0	26.7	1226.655	771.286	NA	33.136	NA	84.806	-0.796
572	3	176	498	1587	0	41.9	1237.472	780.467	NA	10.817	NA	123.69	38.884
573	3	177	495	1635	0	34.8	1285.566	828.543	NA	48.094	NA	93.576	-30.114
574	3	178	504	1713	0	39.3	1364.083	906.243	NA	78.518	NA	83.418	-10.158
575	3	179	507	1812	0	38.3	1463.129	1005.161	NA	99.045	NA	88.264	4.846
576	3	180	519	1860	0	42.7	1512.606	1053.017	NA	49.477	NA	75.964	-12.301
