Nr	TID	PID	x [pixel]	y [pixel]	t [sec]	I [val]	Len [pixel]	D2S [pixel]	D2R [pixel]	D2P [pixel]	v [pixel/sec]	α [deg]	Δα [deg]
1	1	1	519	771	0	22	0	0	NA	NA	NA	NA	NA
2	1	2	519	774	0	27.7	3	3	NA	3	NA	90	NA
3	1	3	519	774	0	15	3	3	NA	0	NA	0	-90
4	1	4	519	774	0	17.6	3	3	NA	0	NA	0	0
5	1	5	519	774	0	16.6	3	3	NA	0	NA	0	0
6	1	6	519	774	0	19.9	3	3	NA	0	NA	0	0
7	1	7	519	774	0	25.9	3	3	NA	0	NA	0	0
8	1	8	519	774	0	31.6	3	3	NA	0	NA	0	0
9	1	9	519	774	0	39.7	3	3	NA	0	NA	0	0
10	1	10	519	774	0	37.6	3	3	NA	0	NA	0	0
11	1	11	519	774	0	24.6	3	3	NA	0	NA	0	0
12	1	12	519	774	0	25.7	3	3	NA	0	NA	0	0
13	1	13	519	774	0	38.6	3	3	NA	0	NA	0	0
14	1	14	519	774	0	62.7	3	3	NA	0	NA	0	0
15	1	15	519	774	0	151.6	3	3	NA	0	NA	0	0
16	1	16	519	774	0	175.7	3	3	NA	0	NA	0	0
17	1	17	519	774	0	202.6	3	3	NA	0	NA	0	0
18	1	18	519	774	0	201.6	3	3	NA	0	NA	0	0
19	1	19	519	783	0	1	12	12	NA	9	NA	90	90
20	1	20	519	774	0	173.6	21	3	NA	9	NA	-90	-180
21	1	21	522	774	0	171	24	4.243	NA	3	NA	0	90
22	1	22	531	774	0	34.7	33	12.369	NA	9	NA	0	0
23	1	23	531	774	0	89.7	33	12.369	NA	0	NA	0	0
24	1	24	531	774	0	124.6	33	12.369	NA	0	NA	0	0
25	1	25	531	774	0	124.6	33	12.369	NA	0	NA	0	0
26	1	26	531	774	0	130.6	33	12.369	NA	0	NA	0	0
27	1	27	531	774	0	132.7	33	12.369	NA	0	NA	0	0
28	1	28	531	774	0	147.7	33	12.369	NA	0	NA	0	0
29	1	29	537	777	0	52.6	39.708	18.974	NA	6.708	NA	26.565	26.565
30	1	30	537	777	0	65.2	39.708	18.974	NA	0	NA	0	-26.565
31	1	31	537	777	0	64.2	39.708	18.974	NA	0	NA	0	0
32	1	32	537	777	0	61.9	39.708	18.974	NA	0	NA	0	0
33	1	33	537	777	0	58.2	39.708	18.974	NA	0	NA	0	0
34	1	34	537	777	0	53.9	39.708	18.974	NA	0	NA	0	0
35	1	35	540	780	0	57.2	43.951	22.847	NA	4.243	NA	45	45
36	1	36	540	780	0	39.9	43.951	22.847	NA	0	NA	0	-45
37	1	37	540	780	0	41.9	43.951	22.847	NA	0	NA	0	0
38	1	38	540	780	0	32.9	43.951	22.847	NA	0	NA	0	0
39	1	39	540	783	0	89.9	46.951	24.187	NA	3	NA	90	90
40	1	40	540	786	0	201.4	49.951	25.807	NA	3	NA	90	0
41	1	41	540	786	0	199.4	49.951	25.807	NA	0	NA	0	-90
42	1	42	540	786	0	202.5	49.951	25.807	NA	0	NA	0	0
43	1	43	540	780	0	74.2	55.951	22.847	NA	6	NA	-90	-90
44	1	44	540	786	0	143.4	61.951	25.807	NA	6	NA	90	180
45	1	45	540	783	0	68.9	64.951	24.187	NA	3	NA	-90	-180
46	1	46	540	783	0	74.2	64.951	24.187	NA	0	NA	0	90
47	1	47	540	783	0	61.9	64.951	24.187	NA	0	NA	0	0
48	1	48	540	783	0	59.2	64.951	24.187	NA	0	NA	0	0
49	1	49	540	783	0	58.2	64.951	24.187	NA	0	NA	0	0
50	1	50	540	783	0	62.9	64.951	24.187	NA	0	NA	0	0
51	1	51	540	783	0	62.9	64.951	24.187	NA	0	NA	0	0
52	1	52	540	783	0	44.2	64.951	24.187	NA	0	NA	0	0
53	1	53	540	786	0	66.2	67.951	25.807	NA	3	NA	90	90
54	1	54	540	786	0	58.2	67.951	25.807	NA	0	NA	0	-90
55	1	55	540	786	0	53.9	67.951	25.807	NA	0	NA	0	0
56	1	56	540	786	0	58.2	67.951	25.807	NA	0	NA	0	0
57	1	57	540	786	0	75.9	67.951	25.807	NA	0	NA	0	0
58	1	58	540	786	0	78.2	67.951	25.807	NA	0	NA	0	0
59	1	59	540	786	0	74.2	67.951	25.807	NA	0	NA	0	0
60	1	60	540	786	0	62.9	67.951	25.807	NA	0	NA	0	0
61	1	61	540	786	0	48.9	67.951	25.807	NA	0	NA	0	0
62	1	62	540	786	0	33.9	67.951	25.807	NA	0	NA	0	0
63	1	63	540	786	0	50.2	67.951	25.807	NA	0	NA	0	0
64	1	64	540	786	0	129.2	67.951	25.807	NA	0	NA	0	0
65	1	65	540	786	0	154.9	67.951	25.807	NA	0	NA	0	0
66	1	66	540	786	0	80.2	67.951	25.807	NA	0	NA	0	0
67	1	67	540	786	0	38.8	67.951	25.807	NA	0	NA	0	0
68	1	68	540	786	0	36.2	67.951	25.807	NA	0	NA	0	0
69	1	69	540	786	0	40.9	67.951	25.807	NA	0	NA	0	0
70	1	70	540	786	0	38.2	67.951	25.807	NA	0	NA	0	0
71	1	71	543	789	0	35.2	72.193	30	NA	4.243	NA	45	45
72	1	72	543	792	0	50.3	75.193	31.89	NA	3	NA	90	45
73	1	73	543	792	0	45.6	75.193	31.89	NA	0	NA	0	-90
74	1	74	543	798	0	68.5	81.193	36.125	NA	6	NA	90	90
75	1	75	543	798	0	25.9	81.193	36.125	NA	0	NA	0	-90
76	1	76	546	804	0	99.4	87.902	42.638	NA	6.708	NA	63.435	63.435
77	1	77	546	804	0	67.2	87.902	42.638	NA	0	NA	0	-63.435
78	1	78	549	810	0	175.5	94.61	49.204	NA	6.708	NA	63.435	63.435
79	1	79	552	810	0	198.1	97.61	51.088	NA	3	NA	0	-63.435
80	1	80	540	804	0	134.9	111.026	39.115	NA	13.416	NA	-153.435	-153.435
81	1	81	546	813	0	201.4	121.843	49.93	NA	10.817	NA	56.31	-150.255
82	1	82	546	813	0	204.5	121.843	49.93	NA	0	NA	0	-56.31
83	1	83	540	804	0	28.2	132.66	39.115	NA	10.817	NA	-123.69	-123.69
84	1	84	540	801	0	17.4	135.66	36.62	NA	3	NA	-90	33.69
85	1	85	540	801	0	57.3	135.66	36.62	NA	0	NA	0	90
86	1	86	540	798	0	58.4	138.66	34.205	NA	3	NA	-90	-90
87	1	87	540	804	0	121.4	144.66	39.115	NA	6	NA	90	180
88	1	88	540	804	0	118.5	144.66	39.115	NA	0	NA	0	-90
89	1	89	540	804	0	88.2	144.66	39.115	NA	0	NA	0	0
90	1	90	540	807	0	83.8	147.66	41.677	NA	3	NA	90	90
91	1	91	540	810	0	26.8	150.66	44.294	NA	3	NA	90	0
92	1	92	540	813	0	108.4	153.66	46.957	NA	3	NA	90	0
93	1	93	540	813	0	128.2	153.66	46.957	NA	0	NA	0	-90
94	1	94	540	816	0	67.7	156.66	49.659	NA	3	NA	90	90
95	1	95	540	816	0	111.8	156.66	49.659	NA	0	NA	0	-90
96	1	96	540	816	0	87	156.66	49.659	NA	0	NA	0	0
97	1	97	540	816	0	109.2	156.66	49.659	NA	0	NA	0	0
98	1	98	540	813	0	55	159.66	46.957	NA	3	NA	-90	-90
99	1	99	540	810	0	66.4	162.66	44.294	NA	3	NA	-90	0
100	1	100	540	807	0	22.4	165.66	41.677	NA	3	NA	-90	0
101	1	101	540	807	0	30.4	165.66	41.677	NA	0	NA	0	90
102	1	102	540	810	0	59.4	168.66	44.294	NA	3	NA	90	90
103	1	103	540	810	0	46.8	168.66	44.294	NA	0	NA	0	-90
104	1	104	540	810	0	25.8	168.66	44.294	NA	0	NA	0	0
105	1	105	540	810	0	53.8	168.66	44.294	NA	0	NA	0	0
106	1	106	540	810	0	61.8	168.66	44.294	NA	0	NA	0	0
107	1	107	540	819	0	72.4	177.66	52.393	NA	9	NA	90	90
108	1	108	540	819	0	58.4	177.66	52.393	NA	0	NA	0	-90
109	1	109	540	822	0	54.8	180.66	55.154	NA	3	NA	90	90
110	1	110	549	837	0	0	198.152	72.498	NA	17.493	NA	59.036	-30.964
111	1	111	540	816	0	69.8	221	49.659	NA	22.847	NA	-113.199	-172.235
112	1	112	540	819	0	30.4	224	52.393	NA	3	NA	90	-156.801
113	1	113	540	816	0	53.8	227	49.659	NA	3	NA	-90	-180
114	1	114	540	816	0	26.6	227	49.659	NA	0	NA	0	90
115	1	115	540	816	0	18.6	227	49.659	NA	0	NA	0	0
116	1	116	540	816	0	27	227	49.659	NA	0	NA	0	0
117	1	117	540	816	0	15.4	227	49.659	NA	0	NA	0	0
118	1	118	540	819	0	23	230	52.393	NA	3	NA	90	90
119	1	119	540	819	0	19.8	230	52.393	NA	0	NA	0	-90
120	1	120	540	828	0	99.8	239	60.745	NA	9	NA	90	90
121	1	121	540	828	0	28.8	239	60.745	NA	0	NA	0	-90
122	1	122	540	840	0	27.8	251	72.125	NA	12	NA	90	90
123	1	123	540	840	0	101.5	251	72.125	NA	0	NA	0	-90
124	1	124	540	843	0	96.4	254	75	NA	3	NA	90	90
125	1	125	537	846	0	95	258.242	77.13	NA	4.243	NA	135	45
126	1	126	537	846	0	91.8	258.242	77.13	NA	0	NA	0	-135
127	1	127	540	846	0	33.8	261.242	77.885	NA	3	NA	0	0
128	1	128	540	846	0	232.6	261.242	77.885	NA	0	NA	0	0
129	1	129	540	837	0	90.6	270.242	69.26	NA	9	NA	-90	-90
130	1	130	540	834	0	109.5	273.242	66.408	NA	3	NA	-90	0
131	1	131	540	834	0	147.8	273.242	66.408	NA	0	NA	0	90
132	1	132	540	837	0	81.5	276.242	69.26	NA	3	NA	90	90
133	1	133	540	840	0	87.2	279.242	72.125	NA	3	NA	90	0
134	1	134	540	840	0	61.8	279.242	72.125	NA	0	NA	0	-90
135	1	135	540	849	0	97.6	288.242	80.777	NA	9	NA	90	90
136	1	136	540	852	0	112	291.242	83.678	NA	3	NA	90	0
137	1	137	540	852	0	88.4	291.242	83.678	NA	0	NA	0	-90
138	1	138	540	858	0	89.6	297.242	89.499	NA	6	NA	90	90
139	1	139	540	858	0	118.8	297.242	89.499	NA	0	NA	0	-90
140	1	140	540	858	0	138.2	297.242	89.499	NA	0	NA	0	0
141	1	141	540	858	0	150.1	297.242	89.499	NA	0	NA	0	0
142	1	142	540	858	0	110.4	297.242	89.499	NA	0	NA	0	0
143	1	143	540	852	0	78.9	303.242	83.678	NA	6	NA	-90	-90
144	1	144	540	852	0	51.9	303.242	83.678	NA	0	NA	0	90
145	1	145	540	852	0	104.9	303.242	83.678	NA	0	NA	0	0
146	1	146	540	852	0	160.4	303.242	83.678	NA	0	NA	0	0
147	1	147	540	852	0	117.2	303.242	83.678	NA	0	NA	0	0
148	1	148	537	855	0	55.8	307.485	85.907	NA	4.243	NA	135	135
149	1	149	534	867	0	167.6	319.854	97.165	NA	12.369	NA	104.036	-30.964
150	1	150	534	867	0	152.8	319.854	97.165	NA	0	NA	0	-104.036
151	1	151	528	876	0	75.4	330.671	105.385	NA	10.817	NA	123.69	123.69
152	1	152	537	882	0	118.5	341.488	112.45	NA	10.817	NA	33.69	-90
153	1	153	531	888	0	74.8	349.973	117.614	NA	8.485	NA	135	101.31
154	1	154	531	894	0	171.9	355.973	123.584	NA	6	NA	90	-45
155	1	155	537	891	0	51.3	362.681	121.342	NA	6.708	NA	-26.565	-116.565
156	1	156	540	888	0	89.2	366.924	118.87	NA	4.243	NA	-45	-18.435
157	1	157	540	888	0	82.4	366.924	118.87	NA	0	NA	0	45
158	1	158	537	882	0	67.5	373.632	112.45	NA	6.708	NA	-116.565	-116.565
159	1	159	537	879	0	96.3	376.632	109.49	NA	3	NA	-90	26.565
160	1	160	537	873	0	62.4	382.632	103.576	NA	6	NA	-90	0
161	1	161	537	873	0	62.4	382.632	103.576	NA	0	NA	0	90
162	1	162	537	876	0	100.3	385.632	106.532	NA	3	NA	90	90
163	1	163	537	876	0	64.9	385.632	106.532	NA	0	NA	0	-90
164	1	164	534	897	0	123	406.845	126.89	NA	21.213	NA	98.13	98.13
165	1	165	534	900	0	102.2	409.845	129.869	NA	3	NA	90	-8.13
166	1	166	531	912	0	91.5	422.215	141.51	NA	12.369	NA	104.036	14.036
167	1	167	531	915	0	124.7	425.215	144.499	NA	3	NA	90	-14.036
168	1	168	531	915	0	109.7	425.215	144.499	NA	0	NA	0	-90
169	1	169	531	915	0	62.9	425.215	144.499	NA	0	NA	0	0
170	1	170	528	924	0	73.2	434.701	153.264	NA	9.487	NA	108.435	108.435
171	1	171	528	924	0	94	434.701	153.264	NA	0	NA	0	-108.435
172	1	172	522	924	0	82.3	440.701	153.029	NA	6	NA	180	180
173	1	173	522	924	0	129	440.701	153.029	NA	0	NA	0	-180
174	1	174	522	924	0	99.7	440.701	153.029	NA	0	NA	0	0
175	1	175	507	924	0	48.6	455.701	153.47	NA	15	NA	180	180
176	1	176	507	924	0	112.6	455.701	153.47	NA	0	NA	0	-180
177	1	177	507	924	0	128.1	455.701	153.47	NA	0	NA	0	0
178	1	178	507	924	0	78.7	455.701	153.47	NA	0	NA	0	0
179	1	179	501	951	0	86.8	483.36	180.898	NA	27.659	NA	102.529	102.529
180	1	180	501	951	0	145.3	483.36	180.898	NA	0	NA	0	-102.529
181	1	181	501	957	0	181.3	489.36	186.869	NA	6	NA	90	90
182	1	182	501	960	0	77.7	492.36	189.855	NA	3	NA	90	0
183	1	183	492	975	0	196.8	509.853	205.779	NA	17.493	NA	120.964	30.964
184	1	184	486	981	0	125.8	518.338	212.577	NA	8.485	NA	135	14.036
185	1	185	474	981	0	77.8	530.338	214.767	NA	12	NA	180	45
186	1	186	474	981	0	171.8	530.338	214.767	NA	0	NA	0	-180
187	1	187	465	984	0	87.2	539.825	219.738	NA	9.487	NA	161.565	161.565
188	2	1	428.667	781.333	0	189.5	0	0	NA	NA	NA	NA	NA
189	2	2	428.667	773.333	0	88.2	8	8	NA	8	NA	-90	NA
190	2	3	428.667	773.333	0	87.4	8	8	NA	0	NA	0	90
191	2	4	427.333	769.333	0	37	12.216	12.074	NA	4.216	NA	-108.435	-108.435
192	2	5	427.333	769.333	0	44.1	12.216	12.074	NA	0	NA	0	108.435
193	2	6	427.333	769.333	0	51.1	12.216	12.074	NA	0	NA	0	0
194	2	7	427.333	769.333	0	57.1	12.216	12.074	NA	0	NA	0	0
195	2	8	427.333	769.333	0	46.5	12.216	12.074	NA	0	NA	0	0
196	2	9	427.333	769.333	0	46.5	12.216	12.074	NA	0	NA	0	0
197	2	10	427.333	769.333	0	46.5	12.216	12.074	NA	0	NA	0	0
198	2	11	427.333	769.333	0	31.4	12.216	12.074	NA	0	NA	0	0
199	2	12	427.333	769.333	0	14.1	12.216	12.074	NA	0	NA	0	0
200	2	13	427.333	769.333	0	21.9	12.216	12.074	NA	0	NA	0	0
201	2	14	427.333	769.333	0	33.9	12.216	12.074	NA	0	NA	0	0
202	2	15	427.333	769.333	0	75.5	12.216	12.074	NA	0	NA	0	0
203	2	16	427.333	776	0	203.5	18.883	5.497	NA	6.667	NA	90	90
204	2	17	427.333	777.333	0	206.1	20.216	4.216	NA	1.333	NA	90	0
205	2	18	427.333	777.333	0	187.8	20.216	4.216	NA	0	NA	0	-90
206	2	19	427.333	777.333	0	167.5	20.216	4.216	NA	0	NA	0	0
207	2	20	427.333	777.333	0	120.1	20.216	4.216	NA	0	NA	0	0
208	2	21	426	774.667	0	23.4	23.198	7.18	NA	2.981	NA	-116.565	-116.565
209	2	22	426	778.667	0	130.4	27.198	3.771	NA	4	NA	90	-153.435
210	2	23	426	778.667	0	41.7	27.198	3.771	NA	0	NA	0	-90
211	2	24	426	778.667	0	39.5	27.198	3.771	NA	0	NA	0	0
212	2	25	426	782.667	0	196.5	31.198	2.981	NA	4	NA	90	90
213	2	26	426	782.667	0	201.4	31.198	2.981	NA	0	NA	0	-90
214	2	27	426	781.333	0	87.4	32.531	2.667	NA	1.333	NA	-90	-90
215	2	28	426	780	0	38.6	33.864	2.981	NA	1.333	NA	-90	0
216	2	29	426	780	0	48.7	33.864	2.981	NA	0	NA	0	90
217	2	30	426	780	0	86.4	33.864	2.981	NA	0	NA	0	0
218	2	31	426	780	0	83.5	33.864	2.981	NA	0	NA	0	0
219	2	32	426	780	0	164.4	33.864	2.981	NA	0	NA	0	0
220	2	33	426	780	0	201.4	33.864	2.981	NA	0	NA	0	0
221	2	34	426	780	0	206.1	33.864	2.981	NA	0	NA	0	0
222	2	35	426	780	0	202.5	33.864	2.981	NA	0	NA	0	0
223	2	36	426	780	0	199.1	33.864	2.981	NA	0	NA	0	0
224	2	37	426	780	0	196.5	33.864	2.981	NA	0	NA	0	0
225	2	38	426	780	0	161.9	33.864	2.981	NA	0	NA	0	0
226	2	39	426	780	0	135.9	33.864	2.981	NA	0	NA	0	0
227	2	40	426	780	0	123.6	33.864	2.981	NA	0	NA	0	0
228	2	41	435.333	781.333	0	110.5	43.293	6.667	NA	9.428	NA	8.13	8.13
229	2	42	428.667	781.333	0	195.6	49.959	0	NA	6.667	NA	180	171.87
230	2	43	435.333	780	0	68.5	56.758	6.799	NA	6.799	NA	-11.31	168.69
231	2	44	434.5	782.5	0	71.4	59.393	5.949	NA	2.635	NA	108.435	119.745
232	2	45	434.5	779.833	0	115.4	62.06	6.023	NA	2.667	NA	-90	161.565
233	2	46	435.167	779.833	0	105.8	62.726	6.671	NA	0.667	NA	0	90
234	2	47	434.5	782.5	0	72.4	65.475	5.949	NA	2.749	NA	104.036	104.036
235	2	48	434.5	785.167	0	64.4	68.142	6.98	NA	2.667	NA	90	-14.036
236	2	49	434.5	788.5	0	72.4	71.475	9.241	NA	3.333	NA	90	0
237	2	50	432.5	787.167	0	96.5	73.879	6.98	NA	2.404	NA	-146.31	123.69
238	2	51	431.833	791.167	0	18.5	77.934	10.331	NA	4.055	NA	99.462	-114.228
239	2	52	432.5	792.5	0	74.4	79.425	11.806	NA	1.491	NA	63.435	-36.027
240	2	53	432.5	792.5	0	69.5	79.425	11.806	NA	0	NA	0	-63.435
241	2	54	431.167	788.5	0	116.4	83.641	7.59	NA	4.216	NA	-108.435	-108.435
242	2	55	430.5	788.5	0	69.5	84.308	7.397	NA	0.667	NA	180	-71.565
243	2	56	428.5	789.833	0	73.4	86.712	8.502	NA	2.404	NA	146.31	-33.69
244	2	57	425.833	789.833	0	76.5	89.378	8.96	NA	2.667	NA	180	33.69
245	2	58	423.167	789.167	0	79.4	92.127	9.571	NA	2.749	NA	-165.964	14.036
246	2	59	422.5	787.833	0	119.5	93.618	8.96	NA	1.491	NA	-116.565	49.399
247	2	60	420.5	787.833	0	137.4	95.618	10.438	NA	2	NA	180	-63.435
248	2	61	418.5	787.833	0	118.5	97.618	12.067	NA	2	NA	180	0
249	2	62	418.5	789.167	0	109.6	98.951	12.834	NA	1.333	NA	90	-90
250	2	63	418.5	795.833	0	78	105.618	17.709	NA	6.667	NA	90	0
251	2	64	417.167	799.833	0	66	109.834	21.783	NA	4.216	NA	108.435	18.435
252	2	65	417.167	803.167	0	86.2	113.167	24.677	NA	3.333	NA	90	-18.435
253	2	66	417.167	807.833	0	84	117.834	28.888	NA	4.667	NA	90	0
254	2	67	415.833	809.833	0	91.8	120.238	31.256	NA	2.404	NA	123.69	33.69
255	2	68	415.833	813.833	0	89.7	124.238	34.942	NA	4	NA	90	-33.69
256	2	69	412.5	815.167	0	86.2	127.828	37.497	NA	3.59	NA	158.199	68.199
257	2	70	412.5	810.5	0	97.6	132.495	33.347	NA	4.667	NA	-90	111.801
258	2	71	412.5	809.167	0	92.2	133.828	32.188	NA	1.333	NA	-90	0
259	2	72	410.5	807.833	0	64.2	136.232	32.129	NA	2.404	NA	-146.31	-56.31
260	2	73	410.5	807.167	0	69.9	136.898	31.581	NA	0.667	NA	-90	56.31
261	2	74	407.833	811.833	0	70	142.273	36.936	NA	5.375	NA	119.745	-150.255
262	2	75	407.833	813.167	0	89.6	143.606	38.045	NA	1.333	NA	90	-29.745
263	2	76	405.833	808.5	0	76.6	148.684	35.488	NA	5.077	NA	-113.199	156.801
264	2	77	405.833	806.5	0	68.6	150.684	33.981	NA	2	NA	-90	23.199
265	2	78	405.833	804.5	0	74.3	152.684	32.528	NA	2	NA	-90	0
266	2	79	405.833	803.167	0	69.6	154.017	31.592	NA	1.333	NA	-90	0
267	2	80	405.833	802.5	0	99.8	154.684	31.135	NA	0.667	NA	-90	0
268	2	81	402.5	803.167	0	72.2	158.083	34.079	NA	3.399	NA	168.69	-101.31
269	2	82	402.5	805.833	0	75.8	160.75	35.846	NA	2.667	NA	90	-78.69
270	2	83	399.833	815.167	0	118.6	170.456	44.453	NA	9.707	NA	105.945	15.945
271	2	84	398.5	819.833	0	89.6	175.31	48.911	NA	4.853	NA	105.945	0
272	2	85	393.833	821.833	0	102.2	180.387	53.419	NA	5.077	NA	156.801	50.856
273	2	86	392.5	816.5	0	99.2	185.884	50.445	NA	5.497	NA	-104.036	99.162
274	2	87	391.833	811.833	0	100.2	190.598	47.822	NA	4.714	NA	-98.13	5.906
275	2	88	389.833	806.5	0	97.6	196.294	46.275	NA	5.696	NA	-110.556	-12.426
276	2	89	388.5	803.833	0	110.6	199.276	46.039	NA	2.981	NA	-116.565	-6.009
277	2	90	384.5	806.5	0	137.2	204.083	50.834	NA	4.807	NA	146.31	-97.125
278	2	91	383.167	810.5	0	118.6	208.3	54.046	NA	4.216	NA	108.435	-37.875
279	2	92	382.5	814.5	0	101.2	212.355	56.845	NA	4.055	NA	99.462	-8.973
280	2	93	379.167	821.167	0	139.8	219.808	63.537	NA	7.454	NA	116.565	17.103
281	2	94	377.833	826.5	0	123	225.306	68	NA	5.497	NA	104.036	-12.529
282	2	95	374.5	832.5	0	141	232.17	74.512	NA	6.864	NA	119.055	15.018
283	2	96	373.833	836.5	0	137.2	236.225	77.782	NA	4.055	NA	99.462	-19.592
284	2	97	373.833	838.5	0	81.6	238.225	79.213	NA	2	NA	90	-9.462
285	2	98	369.833	836.5	0	169.8	242.697	80.652	NA	4.472	NA	-153.435	116.565
286	2	99	365.833	834.5	0	48.7	247.169	82.309	NA	4.472	NA	-153.435	0
287	2	100	367.833	833.833	0	111.6	249.277	80.355	NA	2.108	NA	-18.435	135
288	2	101	367.833	833.833	0	122.2	249.277	80.355	NA	0	NA	0	18.435
289	2	102	365.167	837.833	0	95	254.085	84.997	NA	4.807	NA	123.69	123.69
290	2	103	363.833	838.5	0	129.3	255.575	86.437	NA	1.491	NA	153.435	29.745
291	2	104	361.833	841.833	0	126.6	259.463	90.15	NA	3.887	NA	120.964	-32.471
292	2	105	359.167	840.5	0	144.3	262.444	91.274	NA	2.981	NA	-153.435	85.601
293	2	106	358.5	836.5	0	94.3	266.499	89.256	NA	4.055	NA	-99.462	53.973
294	2	107	357.167	832.5	0	122.3	270.716	87.922	NA	4.216	NA	-108.435	-8.973
295	2	108	356.5	831.167	0	97.4	272.206	87.701	NA	1.491	NA	-116.565	-8.13
296	2	109	353.833	838.5	0	129.2	280.01	94.17	NA	7.803	NA	109.983	-133.452
297	2	110	349.833	838.5	0	103.6	284.01	97.379	NA	4	NA	180	70.017
298	2	111	348.5	847.167	0	97.4	292.778	103.734	NA	8.769	NA	98.746	-81.254
299	2	112	344.5	852.5	0	83.6	299.445	110.221	NA	6.667	NA	126.87	28.124
300	2	113	333.833	855.833	0	126	310.62	120.597	NA	11.175	NA	162.646	35.776
301	2	114	334.5	850.5	0	112.6	315.995	116.839	NA	5.375	NA	-82.875	114.479
302	2	115	334.5	849.833	0	92.9	316.662	116.446	NA	0.667	NA	-90	-7.125
303	2	116	329.167	837.833	0	140.8	329.793	114.422	NA	13.132	NA	-113.962	-23.962
304	2	117	324.5	831.833	0	102.5	337.395	115.762	NA	7.601	NA	-127.875	-13.912
305	2	118	321.833	831.833	0	101.9	340.061	118.168	NA	2.667	NA	180	-52.125
306	2	119	317.833	836.5	0	111.6	346.208	123.804	NA	6.146	NA	130.601	-49.399
307	2	120	313.833	841.167	0	112.6	352.354	129.486	NA	6.146	NA	130.601	0
308	2	121	310.5	843.167	0	132.8	356.241	133.367	NA	3.887	NA	149.036	18.435
309	2	122	305.833	849.167	0	138.2	363.843	140.319	NA	7.601	NA	127.875	-21.161
310	2	123	303.167	860.5	0	132.8	375.485	148.383	NA	11.643	NA	103.241	-24.634
311	2	124	299.833	866.5	0	137.5	382.349	154.439	NA	6.864	NA	119.055	15.814
312	2	125	297.167	873.833	0	129.1	390.152	160.775	NA	7.803	NA	109.983	-9.071
313	2	126	290.5	874.5	0	127.6	396.852	166.643	NA	6.7	NA	174.289	64.306
314	2	127	287.833	880.5	0	107.1	403.418	172.244	NA	6.566	NA	113.962	-60.327
315	2	128	283.833	877.833	0	141.6	408.225	174.037	NA	4.807	NA	-146.31	99.728
316	2	129	283.167	883.833	0	111.8	414.262	177.979	NA	6.037	NA	96.34	-117.35
317	2	130	279.167	884.5	0	149.9	418.318	181.641	NA	4.055	NA	170.538	74.197
318	2	131	272.5	889.833	0	130.5	426.855	190.159	NA	8.537	NA	141.34	-29.197
319	2	132	269.167	889.833	0	136.9	430.188	192.905	NA	3.333	NA	180	38.66
320	2	133	263	887.667	0	209.5	436.725	196.856	NA	6.536	NA	-160.641	19.359
321	2	134	259	882.333	0	181.5	443.391	197.453	NA	6.667	NA	-126.87	33.771
322	2	135	257.667	877	0	104.5	448.889	195.942	NA	5.497	NA	-104.036	22.834
323	2	136	255	871.667	0	175.5	454.852	195.756	NA	5.963	NA	-116.565	-12.529
324	2	137	253.667	866.333	0	159.5	460.349	194.551	NA	5.497	NA	-104.036	12.529
325	2	138	247	870.333	0	149.7	468.124	202.296	NA	7.775	NA	149.036	-106.928
326	2	139	240.333	881	0	138.4	480.702	213.08	NA	12.579	NA	122.005	-27.031
327	2	140	233.667	891.667	0	134.9	493.281	224.05	NA	12.579	NA	122.005	0
328	2	141	221.667	911.667	0	141.5	516.605	244.614	NA	23.324	NA	120.964	-1.042
329	2	142	208.333	926.333	0	134.7	536.426	263.765	NA	19.821	NA	132.274	11.31
330	2	143	197.667	923.667	0	162.5	547.421	271.33	NA	10.995	NA	-165.964	61.763
331	2	144	185.667	915.667	0	146.5	561.843	277.659	NA	14.422	NA	-146.31	19.654
332	2	145	180.333	902.333	0	122.1	576.204	276.243	NA	14.36	NA	-111.801	34.509
333	2	146	176.333	890.333	0	151	588.853	274.869	NA	12.649	NA	-108.435	3.366
334	2	147	168.333	882.333	0	140.5	600.167	279.239	NA	11.314	NA	-135	-26.565
335	2	148	159	886.333	0	158.2	610.321	289.387	NA	10.154	NA	156.801	-68.199
336	2	149	149.667	886.333	0	160.3	619.654	298.104	NA	9.333	NA	180	23.199
337	2	150	136.333	899.667	0	160.3	638.51	315.375	NA	18.856	NA	135	-45
338	2	151	121.667	921	0	151.2	664.399	337.277	NA	25.889	NA	124.509	-10.491
339	2	152	113.667	931.667	0	165.2	677.732	349.035	NA	13.333	NA	126.87	2.361
340	2	153	84	945	0	191.7	710.258	381.552	NA	32.525	NA	155.799	28.929
341	2	154	84	954	0	140.7	719.258	385.498	NA	9	NA	90	-65.799
342	2	155	72	954	0	156	731.258	396.264	NA	12	NA	180	90
343	2	156	72	954	0	140.3	731.258	396.264	NA	0	NA	0	-180
344	2	157	66	954	0	182.5	737.258	401.673	NA	6	NA	180	180
345	2	158	42	963	0	151.2	762.89	427.216	NA	25.632	NA	159.444	-20.556
346	2	159	39	966	0	125.6	767.132	431.21	NA	4.243	NA	135	-24.444
347	2	160	15	975	0	171.9	792.764	456.757	NA	25.632	NA	159.444	24.444
348	2	161	12	996	0	141.8	813.978	468.714	NA	21.213	NA	98.13	-61.314
349	3	1	513.5	913.833	0	2	0	0	NA	NA	NA	NA	NA
350	3	2	513.5	913.833	0	2	0	0	NA	0	NA	0	NA
351	3	3	514.833	913.833	0	2	1.333	1.333	NA	1.333	NA	0	0
352	3	4	514.833	913.833	0	1	1.333	1.333	NA	0	NA	0	0
353	3	5	514.833	913.833	0	2	1.333	1.333	NA	0	NA	0	0
354	3	6	514.833	913.833	0	2	1.333	1.333	NA	0	NA	0	0
355	3	7	514.833	913.833	0	2	1.333	1.333	NA	0	NA	0	0
356	3	8	514.833	913.833	0	2	1.333	1.333	NA	0	NA	0	0
357	3	9	514.833	913.833	0	2	1.333	1.333	NA	0	NA	0	0
358	3	10	514.833	911.833	0	2	3.333	2.404	NA	2	NA	-90	-90
359	3	11	514.833	913.833	0	2	5.333	1.333	NA	2	NA	90	180
360	3	12	514.833	915.167	0	2	6.667	1.886	NA	1.333	NA	90	0
361	3	13	514.833	915.167	0	2	6.667	1.886	NA	0	NA	0	-90
362	3	14	514.833	915.833	0	2	7.333	2.404	NA	0.667	NA	90	90
363	3	15	514.833	915.833	0	2	7.333	2.404	NA	0	NA	0	-90
364	3	16	514.833	915.833	0	2	7.333	2.404	NA	0	NA	0	0
365	3	17	515.5	913.833	0	2	9.442	2	NA	2.108	NA	-71.565	-71.565
366	3	18	515.5	913.833	0	2	9.442	2	NA	0	NA	0	71.565
367	3	19	515.5	913.833	0	2	9.442	2	NA	0	NA	0	0
368	3	20	515.5	913.833	0	1	9.442	2	NA	0	NA	0	0
369	3	21	515.5	913.833	0	1	9.442	2	NA	0	NA	0	0
370	3	22	519.5	913.833	0	1	13.442	6	NA	4	NA	0	0
371	3	23	518.833	913.833	0	1	14.108	5.333	NA	0.667	NA	180	180
372	3	24	521.5	913.833	0	1	16.775	8	NA	2.667	NA	0	-180
373	3	25	521.5	911.833	0	1	18.775	8.246	NA	2	NA	-90	-90
374	3	26	521.5	911.833	0	1	18.775	8.246	NA	0	NA	0	90
375	3	27	521.5	910.5	0	1	20.108	8.667	NA	1.333	NA	-90	-90
376	3	28	521.5	915.833	0	1	25.442	8.246	NA	5.333	NA	90	180
377	3	29	521.5	917.167	0	2	26.775	8.667	NA	1.333	NA	90	0
378	3	30	521.5	919.167	0	2	28.775	9.615	NA	2	NA	90	0
379	3	31	520.167	923.833	0	1	33.628	12.019	NA	4.853	NA	105.945	15.945
380	3	32	520.167	923.833	0	1	33.628	12.019	NA	0	NA	0	-105.945
381	3	33	520.167	925.833	0	1	35.628	13.728	NA	2	NA	90	90
382	3	34	520.167	925.833	0	1	35.628	13.728	NA	0	NA	0	-90
383	3	35	520.167	927.833	0	1	37.628	15.506	NA	2	NA	90	90
384	3	36	520.167	928.5	0	1	38.295	16.111	NA	0.667	NA	90	0
385	3	37	520.167	928.5	0	1	38.295	16.111	NA	0	NA	0	-90
386	3	38	520.167	929.167	0	1	38.962	16.72	NA	0.667	NA	90	90
387	3	39	520.167	929.833	0	1	39.628	17.333	NA	0.667	NA	90	0
388	3	40	520.167	929.833	0	1	39.628	17.333	NA	0	NA	0	-90
389	3	41	520.167	932.5	0	1	42.295	19.821	NA	2.667	NA	90	90
390	3	42	520.167	929.833	0	1	44.962	17.333	NA	2.667	NA	-90	-180
391	3	43	520.167	929.833	0	1	44.962	17.333	NA	0	NA	0	90
392	3	44	520.167	929.833	0	1	44.962	17.333	NA	0	NA	0	0
393	3	45	520.167	929.833	0	1	44.962	17.333	NA	0	NA	0	0
394	3	46	520.167	929.833	0	1	44.962	17.333	NA	0	NA	0	0
395	3	47	520.167	929.833	0	1	44.962	17.333	NA	0	NA	0	0
396	3	48	520.167	929.833	0	1	44.962	17.333	NA	0	NA	0	0
397	3	49	518.833	931.833	0	2	47.365	18.774	NA	2.404	NA	123.69	123.69
398	3	50	518.167	932.5	0	1	48.308	19.241	NA	0.943	NA	135	11.31
399	3	51	518.167	933.167	0	2	48.975	19.889	NA	0.667	NA	90	-45
400	3	52	518.833	933.167	0	1	49.641	20.055	NA	0.667	NA	0	-90
401	3	53	518.833	933.167	0	1	49.641	20.055	NA	0	NA	0	0
402	3	54	518.833	933.167	0	2	49.641	20.055	NA	0	NA	0	0
403	3	55	518.833	933.167	0	2	49.641	20.055	NA	0	NA	0	0
404	3	56	518.833	933.167	0	2	49.641	20.055	NA	0	NA	0	0
405	3	57	518.833	933.167	0	3	49.641	20.055	NA	0	NA	0	0
406	3	58	518.833	933.167	0	2	49.641	20.055	NA	0	NA	0	0
407	3	59	518.833	933.167	0	2	49.641	20.055	NA	0	NA	0	0
408	3	60	518.833	933.167	0	1	49.641	20.055	NA	0	NA	0	0
409	3	61	518.833	933.167	0	1	49.641	20.055	NA	0	NA	0	0
410	3	62	520.167	933.167	0	1	50.975	20.45	NA	1.333	NA	0	0
411	3	63	520.833	933.167	0	1	51.641	20.677	NA	0.667	NA	0	0
412	3	64	523.5	933.167	0	2	54.308	21.766	NA	2.667	NA	0	0
413	3	65	526.167	933.833	0	2.2	57.057	23.674	NA	2.749	NA	14.036	14.036
414	3	66	527.5	933.833	0	2.2	58.39	24.413	NA	1.333	NA	0	-14.036
415	3	67	529.5	933.833	0	2.2	60.39	25.612	NA	2	NA	0	0
416	3	68	530.167	933.833	0	2.2	61.057	26.034	NA	0.667	NA	0	0
417	3	69	530.167	934.5	0	2.2	61.724	26.55	NA	0.667	NA	90	90
418	3	70	530.167	933.833	0	2.2	62.39	26.034	NA	0.667	NA	-90	-180
419	3	71	529.5	945.167	0	2.2	73.743	35.182	NA	11.353	NA	93.366	-176.634
420	3	72	529.5	942.5	0	2.2	76.41	32.83	NA	2.667	NA	-90	176.634
421	3	73	529.5	944.5	0	2.2	78.41	34.59	NA	2	NA	90	180
422	3	74	529.5	947.833	0	2.2	81.743	37.577	NA	3.333	NA	90	0
423	3	75	529.5	947.833	0	2.2	81.743	37.577	NA	0	NA	0	-90
424	3	76	529.5	949.833	0	2.2	83.743	39.395	NA	2	NA	90	90
425	3	77	528.167	946.5	0	2.2	87.333	35.808	NA	3.59	NA	-111.801	158.199
426	3	78	528.167	946.5	0	2	87.333	35.808	NA	0	NA	0	111.801
427	3	79	528.167	951.167	0	2.2	92	40.111	NA	4.667	NA	90	90
428	3	80	528.167	953.167	0	2.2	94	41.979	NA	2	NA	90	0
429	3	81	528.833	954.5	0	2	95.491	43.461	NA	1.491	NA	63.435	-26.565
430	3	82	530.167	957.833	0	2.2	99.081	47.051	NA	3.59	NA	68.199	4.764
431	3	83	530.167	957.833	0	2	99.081	47.051	NA	0	NA	0	-68.199
432	3	84	530.167	959.167	0	2	100.414	48.3	NA	1.333	NA	90	90
433	3	85	530.167	959.833	0	2	101.081	48.926	NA	0.667	NA	90	0
434	3	86	526.833	959.167	0	2	104.48	47.253	NA	3.399	NA	-168.69	101.31
435	3	87	525.5	957.833	0	1	106.366	45.607	NA	1.886	NA	-135	33.69
436	3	88	525.5	959.167	0	1	107.699	46.895	NA	1.333	NA	90	-135
437	3	89	525.5	959.167	0	1	107.699	46.895	NA	0	NA	0	-90
438	3	90	525.5	959.167	0	1	107.699	46.895	NA	0	NA	0	0
439	3	91	525.5	962.5	0	1	111.032	50.124	NA	3.333	NA	90	90
440	3	92	525.5	962.5	0	2	111.032	50.124	NA	0	NA	0	-90
441	3	93	527.5	961.833	0	1	113.141	50	NA	2.108	NA	-18.435	-18.435
442	3	94	528.833	962.5	0	1	114.631	51.025	NA	1.491	NA	26.565	45
443	3	95	530.167	963.167	0	1	116.122	52.073	NA	1.491	NA	26.565	0
444	3	96	530.167	963.167	0	1	116.122	52.073	NA	0	NA	0	-26.565
445	3	97	529.5	961.167	0	1	118.23	49.964	NA	2.108	NA	-108.435	-108.435
446	3	98	529.5	960.5	0	1	118.897	49.333	NA	0.667	NA	-90	18.435
447	3	99	528.833	963.167	0	1	121.646	51.661	NA	2.749	NA	104.036	-165.964
448	3	100	527.5	963.167	0	1	122.979	51.281	NA	1.333	NA	180	75.964
449	3	101	526.833	963.833	0	1.2	123.922	51.747	NA	0.943	NA	135	-45
450	3	102	526.167	965.833	0	2.2	126.03	53.521	NA	2.108	NA	108.435	-26.565
451	3	103	525.5	969.167	0	2.2	129.429	56.62	NA	3.399	NA	101.31	-7.125
452	3	104	524.833	973.167	0	2.2	133.484	60.406	NA	4.055	NA	99.462	-1.848
453	3	105	525.5	980.5	0	2.2	140.848	67.738	NA	7.364	NA	84.806	-14.657
454	3	106	525.5	985.167	0	2.2	145.515	72.336	NA	4.667	NA	90	5.194
455	3	107	525.5	989.833	0	4.6	150.181	76.942	NA	4.667	NA	90	0
456	3	108	526.667	994.333	0	3.3	154.83	81.57	NA	4.649	NA	75.466	-14.534
457	3	109	526.667	1002.333	0	3	162.83	89.474	NA	8	NA	90	14.534
458	3	110	526.667	1010.333	0	3	170.83	97.394	NA	8	NA	90	0
459	3	111	530.667	1013	0	1	175.637	100.642	NA	4.807	NA	33.69	-56.31
460	3	112	530.667	1018.333	0	1	180.971	105.901	NA	5.333	NA	90	56.31
461	3	113	529.333	1017	0	1	182.856	104.375	NA	1.886	NA	-135	135
462	3	114	529.333	1022.333	0	1	188.19	109.649	NA	5.333	NA	90	-135
463	3	115	529.333	1023.667	0	2	189.523	110.969	NA	1.333	NA	90	0
464	3	116	529.333	1026.333	0	2	192.19	113.609	NA	2.667	NA	90	0
465	3	117	528	1026.333	0	2	193.523	113.431	NA	1.333	NA	180	90
466	3	118	528	1026.333	0	1	193.523	113.431	NA	0	NA	0	-180
467	3	119	528	1026.333	0	1	193.523	113.431	NA	0	NA	0	0
468	3	120	529.333	1031.667	0	1	199.021	118.892	NA	5.497	NA	75.964	75.964
469	3	121	528	1030.333	0	1	200.906	117.399	NA	1.886	NA	-135	149.036
470	3	122	526.667	1027.667	0	1	203.888	114.592	NA	2.981	NA	-116.565	18.435
471	3	123	522.667	1031.667	0	1	209.544	118.189	NA	5.657	NA	135	-108.435
472	3	124	522.667	1031.667	0	1	209.544	118.189	NA	0	NA	0	-135
473	3	125	524	1030.333	0	2	211.43	116.972	NA	1.886	NA	-45	-45
474	3	126	522.667	1039.667	0	1	220.858	126.167	NA	9.428	NA	98.13	143.13
475	3	127	521.333	1045	0	1	226.356	131.4	NA	5.497	NA	104.036	5.906
476	3	128	520	1049	0	1	230.572	135.323	NA	4.216	NA	108.435	4.399
477	3	129	516	1049	0	2.2	234.572	135.19	NA	4	NA	180	71.565
478	3	130	516	1049	0	1.2	234.572	135.19	NA	0	NA	0	-180
479	3	131	516	1069	0	1	254.572	155.187	NA	20	NA	90	90
480	3	132	514.667	1070.333	0	1.2	256.458	156.504	NA	1.886	NA	135	45
481	3	133	514.667	1082.333	0	2.2	268.458	168.504	NA	12	NA	90	-45
482	3	134	514.667	1091.667	0	4.6	277.791	177.837	NA	9.333	NA	90	0
483	3	135	513.333	1102.333	0	5.8	288.541	188.5	NA	10.75	NA	97.125	7.125
484	3	136	513.333	1103.667	0	7.8	289.874	189.833	NA	1.333	NA	90	-7.125
485	3	137	513.333	1103.667	0	9.4	289.874	189.833	NA	0	NA	0	-90
486	3	138	514.667	1106.333	0	7.8	292.855	192.504	NA	2.981	NA	63.435	63.435
487	3	139	518.667	1106.333	0	6.8	296.855	192.569	NA	4	NA	0	-63.435
488	3	140	520	1109	0	5.8	299.837	195.275	NA	2.981	NA	63.435	63.435
489	3	141	520	1113	0	4.6	303.837	199.273	NA	4	NA	90	26.565
490	3	142	520	1121	0	4.6	311.837	207.269	NA	8	NA	90	0
491	3	143	520	1127.667	0	3.5	318.503	213.932	NA	6.667	NA	90	0
492	3	144	520	1130.333	0	3.5	321.17	216.598	NA	2.667	NA	90	0
493	3	145	520	1133	0	2.2	323.837	219.263	NA	2.667	NA	90	0
494	3	146	520	1134.333	0	1.2	325.17	220.596	NA	1.333	NA	90	0
495	3	147	520	1141	0	1.2	331.837	227.26	NA	6.667	NA	90	0
496	3	148	520	1142.333	0	1.2	333.17	228.592	NA	1.333	NA	90	0
497	3	149	521.333	1147.667	0	1.2	338.668	233.965	NA	5.497	NA	75.964	-14.036
498	3	150	521.333	1147.667	0	1.2	338.668	233.965	NA	0	NA	0	-75.964
499	3	151	521.333	1149	0	1.2	340.001	235.297	NA	1.333	NA	90	90
500	3	152	521.333	1153	0	1.2	344.001	239.295	NA	4	NA	90	0
501	3	153	521.333	1158.333	0	1.2	349.334	244.625	NA	5.333	NA	90	0
502	3	154	521.333	1158.333	0	1.2	349.334	244.625	NA	0	NA	0	-90
503	3	155	521.333	1158.333	0	2.2	349.334	244.625	NA	0	NA	0	0
504	3	156	516	1174.333	0	1	366.2	260.512	NA	16.865	NA	108.435	108.435
505	3	157	513.333	1181	0	1.2	373.38	267.167	NA	7.18	NA	111.801	3.366
506	3	158	509.333	1185	0	2.2	379.037	271.199	NA	5.657	NA	135	23.199
507	3	159	505.333	1186.333	0	3.3	383.253	272.622	NA	4.216	NA	161.565	26.565
508	3	160	504	1195.667	0	2.2	392.681	281.993	NA	9.428	NA	98.13	-63.435
509	3	161	498.667	1199.667	0	2.2	399.348	286.218	NA	6.667	NA	143.13	45
510	3	162	497.333	1215.667	0	5.8	415.403	302.266	NA	16.055	NA	94.764	-48.366
511	3	163	496	1233	0	7	432.788	319.646	NA	17.385	NA	94.399	-0.365
512	3	164	496	1245	0	10.4	444.788	331.629	NA	12	NA	90	-4.399
513	3	165	496	1249	0	11.6	448.788	335.623	NA	4	NA	90	0
514	3	166	489	1278	0	13.6	478.621	364.99	NA	29.833	NA	103.57	13.57
515	3	167	492	1314	0	14.9	514.746	400.744	NA	36.125	NA	85.236	-18.334
516	3	168	498	1329	0	12.6	530.901	415.456	NA	16.155	NA	68.199	-17.038
517	3	169	498	1341	0	13.6	542.901	427.448	NA	12	NA	90	21.801
518	3	170	498	1356	0	13.6	557.901	442.438	NA	15	NA	90	0
519	3	171	495	1380	0	11.2	582.088	466.534	NA	24.187	NA	97.125	7.125
520	3	172	495	1386	0	10.6	588.088	472.529	NA	6	NA	90	-7.125
521	3	173	495	1410	0	9.5	612.088	496.511	NA	24	NA	90	0
522	3	174	486	1425	0	7.9	629.581	511.906	NA	17.493	NA	120.964	30.964
523	3	175	486	1425	0	6.6	629.581	511.906	NA	0	NA	0	-120.964
524	3	176	486	1443	0	5.6	647.581	529.881	NA	18	NA	90	90
525	3	177	492	1452	0	3.5	658.397	538.596	NA	10.817	NA	56.31	-33.69
526	3	178	492	1458	0	2.4	664.397	544.591	NA	6	NA	90	33.69
527	3	179	492	1458	0	2.4	664.397	544.591	NA	0	NA	0	-90
528	3	180	492	1458	0	2.4	664.397	544.591	NA	0	NA	0	0
529	3	181	492	1458	0	3.3	664.397	544.591	NA	0	NA	0	0
530	3	182	480	1455	0	3.5	676.767	542.203	NA	12.369	NA	-165.964	-165.964
531	3	183	480	1455	0	4.4	676.767	542.203	NA	0	NA	0	165.964
532	3	184	477	1494	0	4.4	715.882	581.314	NA	39.115	NA	94.399	94.399
533	3	185	477	1500	0	6	721.882	587.302	NA	6	NA	90	-4.399
534	3	186	477	1518	0	6.8	739.882	605.268	NA	18	NA	90	0
535	3	187	447	1554	0	5.6	786.743	643.611	NA	46.861	NA	129.806	39.806
536	3	188	426	1584	0	11.6	823.363	675.855	NA	36.62	NA	124.992	-4.814
537	3	189	411	1617	0	11.6	859.612	710.598	NA	36.249	NA	114.444	-10.548
538	3	190	402	1662	0	12.8	905.503	756.43	NA	45.891	NA	101.31	-13.134
539	3	191	396	1689	0	12.8	933.162	784.021	NA	27.659	NA	102.529	1.219
540	3	192	363	1743	0	12.7	996.447	842.714	NA	63.285	NA	121.43	18.901
541	3	193	318	1794	0	14.7	1064.462	901.617	NA	68.015	NA	131.424	9.994
542	3	194	300	1836	0	17.3	1110.156	946.559	NA	45.695	NA	113.199	-18.225
543	3	195	273	1857	0	20.9	1144.362	973.347	NA	34.205	NA	142.125	28.926
544	3	196	246	1881	0	21.9	1180.486	1003.478	NA	36.125	NA	138.366	-3.759
545	3	197	222	1887	0	22.7	1205.225	1015.887	NA	24.739	NA	165.964	27.597
