Nr	TID	PID	x [pixel]	y [pixel]	t [sec]	I [val]	Len [pixel]	D2S [pixel]	D2R [pixel]	D2P [pixel]	v [pixel/sec]	α [deg]	Δα [deg]
1	1	1	512	834	0	33.9	0	0	NA	NA	NA	NA	NA
2	1	2	512	834	0	55.9	0	0	NA	0	NA	0	NA
3	1	3	510	836	0	223.5	2.828	2.828	NA	2.828	NA	135	135
4	1	4	510	836	0	221.5	2.828	2.828	NA	0	NA	0	-135
5	1	5	510	836	0	228.1	2.828	2.828	NA	0	NA	0	0
6	1	6	502	836	0	176.1	10.828	10.198	NA	8	NA	180	180
7	1	7	502	836	0	124.3	10.828	10.198	NA	0	NA	0	-180
8	1	8	502	836	0	94.3	10.828	10.198	NA	0	NA	0	0
9	1	9	502	836	0	127.9	10.828	10.198	NA	0	NA	0	0
10	1	10	502	836	0	206.9	10.828	10.198	NA	0	NA	0	0
11	1	11	502	836	0	216.3	10.828	10.198	NA	0	NA	0	0
12	1	12	502	836	0	219.9	10.828	10.198	NA	0	NA	0	0
13	1	13	502	836	0	60.8	10.828	10.198	NA	0	NA	0	0
14	1	14	502	836	0	78.9	10.828	10.198	NA	0	NA	0	0
15	1	15	506	848	0	211.9	23.478	15.232	NA	12.649	NA	71.565	71.565
16	1	16	506	848	0	215.2	23.478	15.232	NA	0	NA	0	-71.565
17	1	17	504	848	0	155.9	25.478	16.125	NA	2	NA	180	180
18	1	18	504	848	0	219.9	25.478	16.125	NA	0	NA	0	-180
19	1	19	504	842	0	98.9	31.478	11.314	NA	6	NA	-90	-90
20	1	20	504	838	0	89.7	35.478	8.944	NA	4	NA	-90	0
21	1	21	504	836	0	43.1	37.478	8.246	NA	2	NA	-90	0
22	1	22	502	836	0	185.1	39.478	10.198	NA	2	NA	180	-90
23	1	23	502	836	0	222.4	39.478	10.198	NA	0	NA	0	-180
24	1	24	504	836	0	184.1	41.478	8.246	NA	2	NA	0	0
25	1	25	514	836	0	100.1	51.478	2.828	NA	10	NA	0	0
26	1	26	512	836	0	28.2	53.478	2	NA	2	NA	180	180
27	1	27	510	838	0	56.1	56.306	4.472	NA	2.828	NA	135	-45
28	1	28	510	844	0	45.4	62.306	10.198	NA	6	NA	90	-45
29	1	29	510	844	0	47.9	62.306	10.198	NA	0	NA	0	-90
30	1	30	512	856	0	23.1	74.471	22	NA	12.166	NA	80.538	80.538
31	1	31	520	858	0	147.9	82.718	25.298	NA	8.246	NA	14.036	-66.501
32	1	32	520	858	0	174.5	82.718	25.298	NA	0	NA	0	-14.036
33	1	33	518	858	0	193.4	84.718	24.739	NA	2	NA	180	180
34	1	34	518	858	0	221.4	84.718	24.739	NA	0	NA	0	-180
35	1	35	518	858	0	225.5	84.718	24.739	NA	0	NA	0	0
36	1	36	518	858	0	160.5	84.718	24.739	NA	0	NA	0	0
37	1	37	510	854	0	223.4	93.662	20.1	NA	8.944	NA	-153.435	-153.435
38	1	38	514	856	0	97.5	98.134	22.091	NA	4.472	NA	26.565	180
39	1	39	514	858	0	0	100.134	24.083	NA	2	NA	90	63.435
40	1	40	514	858	0	236.4	100.134	24.083	NA	0	NA	0	-90
41	1	41	516	864	0	28	106.459	30.265	NA	6.325	NA	71.565	71.565
42	1	42	518	868	0	163.4	110.931	34.525	NA	4.472	NA	63.435	-8.13
43	1	43	518	872	0	238.5	114.931	38.471	NA	4	NA	90	26.565
44	1	44	518	872	0	186.4	114.931	38.471	NA	0	NA	0	-90
45	1	45	516	880	0	149	123.177	46.174	NA	8.246	NA	104.036	104.036
46	1	46	516	880	0	151	123.177	46.174	NA	0	NA	0	-104.036
47	1	47	516	880	0	8	123.177	46.174	NA	0	NA	0	0
48	1	48	520	874	0	235.4	130.388	40.792	NA	7.211	NA	-56.31	-56.31
49	1	49	520	868	0	203.5	136.388	34.928	NA	6	NA	-90	-33.69
50	1	50	522	850	0	90.7	154.499	18.868	NA	18.111	NA	-83.66	6.34
51	1	51	518	858	0	118.6	163.443	24.739	NA	8.944	NA	116.565	-159.775
52	1	52	522	860	0	94.4	167.915	27.857	NA	4.472	NA	26.565	-90
53	1	53	520	860	0	115	169.915	27.203	NA	2	NA	180	153.435
54	1	54	518	866	0	69.6	176.24	32.558	NA	6.325	NA	108.435	-71.565
55	1	55	522	874	0	82.4	185.184	41.231	NA	8.944	NA	63.435	-45
56	1	56	522	886	0	218.6	197.184	52.953	NA	12	NA	90	26.565
57	1	57	522	886	0	92	197.184	52.953	NA	0	NA	0	-90
58	1	58	522	892	0	57.8	203.184	58.856	NA	6	NA	90	90
59	1	59	518	894	0	77.8	207.656	60.299	NA	4.472	NA	153.435	63.435
60	1	60	510	892	0	164.8	215.902	58.034	NA	8.246	NA	-165.964	40.601
61	1	61	510	892	0	225.8	215.902	58.034	NA	0	NA	0	165.964
62	1	62	504	886	0	67.8	224.388	52.612	NA	8.485	NA	-135	-135
63	1	63	504	886	0	226.8	224.388	52.612	NA	0	NA	0	135
64	1	64	504	886	0	225.8	224.388	52.612	NA	0	NA	0	0
65	1	65	504	886	0	226.8	224.388	52.612	NA	0	NA	0	0
66	1	66	504	886	0	223.2	224.388	52.612	NA	0	NA	0	0
67	1	67	500	882	0	68.4	230.045	49.477	NA	5.657	NA	-135	-135
68	1	68	500	882	0	100.3	230.045	49.477	NA	0	NA	0	135
69	1	69	496	892	0	96.6	240.815	60.166	NA	10.77	NA	111.801	111.801
70	1	70	492	900	0	82.4	249.759	68.964	NA	8.944	NA	116.565	4.764
71	1	71	492	906	0	99	255.759	74.726	NA	6	NA	90	-26.565
72	1	72	496	922	0	228.1	272.252	89.443	NA	16.492	NA	75.964	-14.036
73	1	73	498	918	0	121.3	276.724	85.159	NA	4.472	NA	-63.435	-139.399
74	1	74	498	910	0	50.9	284.724	77.279	NA	8	NA	-90	-26.565
75	1	75	496	906	0	111.5	289.196	73.756	NA	4.472	NA	-116.565	-26.565
76	1	76	504	906	0	61.4	297.196	72.443	NA	8	NA	0	116.565
77	1	77	504	906	0	228.3	297.196	72.443	NA	0	NA	0	0
78	1	78	506	906	0	227	299.196	72.25	NA	2	NA	0	0
79	1	79	512	904	0	227.9	305.52	70	NA	6.325	NA	-18.435	-18.435
80	1	80	512	904	0	66.4	305.52	70	NA	0	NA	0	18.435
81	1	81	512	904	0	96.7	305.52	70	NA	0	NA	0	0
82	1	82	526	920	0	223.6	326.781	87.132	NA	21.26	NA	48.814	48.814
83	1	83	512	926	0	57.9	342.012	92	NA	15.232	NA	156.801	107.987
84	1	84	512	932	0	119.5	348.012	98	NA	6	NA	90	-66.801
85	1	85	510	940	0	89.6	356.259	106.019	NA	8.246	NA	104.036	14.036
86	1	86	518	940	0	49.7	364.259	106.17	NA	8	NA	0	-104.036
87	1	87	504	942	0	180.5	378.401	108.296	NA	14.142	NA	171.87	171.87
88	1	88	488	946	0	60.2	394.893	114.543	NA	16.492	NA	165.964	-5.906
89	1	89	488	946	0	66	394.893	114.543	NA	0	NA	0	-165.964
90	1	90	478	942	0	121.7	405.663	113.225	NA	10.77	NA	-158.199	-158.199
91	1	91	468	936	0	229	417.325	111.086	NA	11.662	NA	-149.036	9.162
92	1	92	466	932	0	111.7	421.797	108.259	NA	4.472	NA	-116.565	32.471
93	2	1	406	822	0	130.5	0	0	NA	NA	NA	NA	NA
94	2	2	404	822	0	204.9	2	2	NA	2	NA	180	NA
95	2	3	402	822	0	196.7	4	4	NA	2	NA	180	0
96	2	4	402	822	0	201.3	4	4	NA	0	NA	0	-180
97	2	5	408	828	0	66.4	12.485	6.325	NA	8.485	NA	45	45
98	2	6	404	826	0	23.5	16.957	4.472	NA	4.472	NA	-153.435	161.565
99	2	7	398	824	0	200.2	23.282	8.246	NA	6.325	NA	-161.565	-8.13
100	2	8	386	824	0	212.1	35.282	20.1	NA	12	NA	180	-18.435
101	2	9	398	824	0	98.1	47.282	8.246	NA	12	NA	0	-180
102	2	10	396	828	0	160.8	51.754	11.662	NA	4.472	NA	116.565	116.565
103	2	11	396	842	0	34.8	65.754	22.361	NA	14	NA	90	-26.565
104	2	12	404	844	0	33.9	74	22.091	NA	8.246	NA	14.036	-75.964
105	2	13	402	846	0	16.3	76.829	24.331	NA	2.828	NA	135	120.964
106	2	14	402	848	0	26.6	78.829	26.306	NA	2	NA	90	-45
107	2	15	386	848	0	70.2	94.829	32.802	NA	16	NA	180	90
108	2	16	386	854	0	221.3	100.829	37.736	NA	6	NA	90	-90
109	2	17	386	854	0	209.3	100.829	37.736	NA	0	NA	0	-90
110	2	18	394	856	0	32.3	109.075	36.056	NA	8.246	NA	14.036	14.036
111	2	19	394	850	0	183.3	115.075	30.463	NA	6	NA	-90	-104.036
112	2	20	394	848	0	180.7	117.075	28.636	NA	2	NA	-90	0
113	2	21	392	840	0	146.4	125.321	22.804	NA	8.246	NA	-104.036	-14.036
114	2	22	390	840	0	98.1	127.321	24.083	NA	2	NA	180	-75.964
115	2	23	388	844	0	57.9	131.793	28.425	NA	4.472	NA	116.565	-63.435
116	2	24	392	850	0	77.2	139.004	31.305	NA	7.211	NA	56.31	-60.255
117	2	25	394	876	0	46.6	165.081	55.317	NA	26.077	NA	85.601	29.291
118	2	26	394	870	0	30.2	171.081	49.477	NA	6	NA	-90	-175.601
119	2	27	396	860	0	35	181.279	39.294	NA	10.198	NA	-78.69	11.31
120	2	28	398	864	0	56.8	185.751	42.755	NA	4.472	NA	63.435	142.125
121	2	29	398	858	0	35	191.751	36.878	NA	6	NA	-90	-153.435
122	2	30	402	854	0	189.7	197.408	32.249	NA	5.657	NA	-45	45
123	2	31	402	850	0	175	201.408	28.284	NA	4	NA	-90	-45
124	2	32	402	852	0	186.5	203.408	30.265	NA	2	NA	90	180
125	2	33	402	856	0	24.3	207.408	34.234	NA	4	NA	90	0
126	2	34	402	858	0	26.6	209.408	36.222	NA	2	NA	90	0
127	2	35	382	846	0	174.6	232.732	33.941	NA	23.324	NA	-149.036	120.964
128	2	36	378	842	0	216.5	238.389	34.409	NA	5.657	NA	-135	14.036
129	2	37	374	842	0	96.3	242.389	37.736	NA	4	NA	180	-45
130	2	38	374	838	0	205.8	246.389	35.777	NA	4	NA	-90	90
131	2	39	368	846	0	104.7	256.389	44.944	NA	10	NA	126.87	-143.13
132	2	40	364	854	0	97.8	265.333	52.802	NA	8.944	NA	116.565	-10.305
133	2	41	364	854	0	116.2	265.333	52.802	NA	0	NA	0	-116.565
134	2	42	366	866	0	59	277.499	59.464	NA	12.166	NA	80.538	80.538
135	2	43	366	866	0	216.2	277.499	59.464	NA	0	NA	0	-80.538
136	2	44	356	888	0	210.8	301.665	82.801	NA	24.166	NA	114.444	114.444
137	2	45	356	892	0	109.2	305.665	86.023	NA	4	NA	90	-24.444
138	2	46	364	880	0	222.2	320.087	71.61	NA	14.422	NA	-56.31	-146.31
139	2	47	362	882	0	218.8	322.915	74.404	NA	2.828	NA	135	-168.69
140	2	48	362	878	0	229.4	326.915	71.218	NA	4	NA	-90	135
141	2	49	362	878	0	211.8	326.915	71.218	NA	0	NA	0	90
142	2	50	362	878	0	214.5	326.915	71.218	NA	0	NA	0	0
143	2	51	362	878	0	217.6	326.915	71.218	NA	0	NA	0	0
144	2	52	364	878	0	220.9	328.915	70	NA	2	NA	0	0
145	2	53	352	874	0	219.8	341.565	74.967	NA	12.649	NA	-161.565	-161.565
146	2	54	350	870	0	198	346.037	73.756	NA	4.472	NA	-116.565	45
147	2	55	350	868	0	96.6	348.037	72.471	NA	2	NA	-90	26.565
148	2	56	344	856	0	219.8	361.453	70.711	NA	13.416	NA	-116.565	-26.565
149	2	57	344	882	0	218.6	387.453	86.279	NA	26	NA	90	-153.435
150	2	58	340	882	0	52.2	391.453	89.196	NA	4	NA	180	90
151	2	59	338	886	0	79.1	395.925	93.381	NA	4.472	NA	116.565	-63.435
152	2	60	332	886	0	54.8	401.925	97.837	NA	6	NA	180	63.435
153	2	61	324	882	0	64.8	410.869	101.607	NA	8.944	NA	-153.435	26.565
154	2	62	320	876	0	80.1	418.081	101.548	NA	7.211	NA	-123.69	29.745
155	2	63	320	872	0	81.5	422.081	99.479	NA	4	NA	-90	33.69
156	2	64	314	856	0	139.4	439.169	98.082	NA	17.088	NA	-110.556	-20.556
157	2	65	310	856	0	149.9	443.169	101.843	NA	4	NA	180	-69.444
158	2	66	304	866	0	102.2	454.831	111.086	NA	11.662	NA	120.964	-59.036
159	2	67	302	880	0	91.7	468.973	119.08	NA	14.142	NA	98.13	-22.834
160	2	68	296	890	0	97.5	480.635	129.321	NA	11.662	NA	120.964	22.834
161	2	69	294	902	0	105.6	492.8	137.637	NA	12.166	NA	99.462	-21.501
162	2	70	294	914	0	113.6	504.8	144.941	NA	12	NA	90	-9.462
163	2	71	282	924	0	80.1	520.421	160.562	NA	15.62	NA	140.194	50.194
164	2	72	282	924	0	97.6	520.421	160.562	NA	0	NA	0	-140.194
165	2	73	272	924	0	57.9	530.421	168.404	NA	10	NA	180	180
166	2	74	272	922	0	68.2	532.421	167.2	NA	2	NA	-90	90
167	2	75	272	904	0	95.3	550.421	157.099	NA	18	NA	-90	0
168	2	76	272	898	0	225.6	556.421	154.052	NA	6	NA	-90	0
169	2	77	270	912	0	129.9	570.563	163.083	NA	14.142	NA	98.13	-171.87
170	2	78	266	918	0	83.7	577.774	169.753	NA	7.211	NA	123.69	25.56
171	2	79	260	910	0	203.7	587.774	170.47	NA	10	NA	-126.87	109.44
172	2	80	260	902	0	97.5	595.774	166.481	NA	8	NA	-90	36.87
173	2	81	260	898	0	41.8	599.774	164.596	NA	4	NA	-90	0
174	2	82	252	900	0	110.3	608.02	172.627	NA	8.246	NA	165.964	-104.036
175	2	83	248	914	0	118.9	622.58	182.833	NA	14.56	NA	105.945	-60.018
176	2	84	242	922	0	110.7	632.58	192.083	NA	10	NA	126.87	20.925
177	2	85	242	930	0	126.8	640.58	196.367	NA	8	NA	90	-36.87
178	2	86	230	934	0	113.9	653.229	208.614	NA	12.649	NA	161.565	71.565
179	2	87	214	934	0	102.5	669.229	222.279	NA	16	NA	180	18.435
180	2	88	188	932	0	76.7	695.306	244.18	NA	26.077	NA	-175.601	4.399
181	2	89	176	922	0	130.2	710.927	250.799	NA	15.62	NA	-140.194	35.407
182	2	90	170	914	0	126.7	720.927	253.298	NA	10	NA	-126.87	13.325
183	2	91	166	920	0	163.8	728.138	259.237	NA	7.211	NA	123.69	-109.44
184	2	92	156	920	0	109.5	738.138	268.522	NA	10	NA	180	56.31
185	2	93	148	910	0	229.4	750.944	272.595	NA	12.806	NA	-128.66	51.34
186	2	94	146	908	0	21	753.772	273.854	NA	2.828	NA	-135	-6.34
187	2	95	146	904	0	28.1	757.772	272.624	NA	4	NA	-90	45
188	3	1	494	946	0	3.6	0	0	NA	NA	NA	NA	NA
189	3	2	494	958	0	3.6	12	12	NA	12	NA	90	NA
190	3	3	494	942	0	1	28	4	NA	16	NA	-90	-180
191	3	4	488	952	0	2	39.662	8.485	NA	11.662	NA	120.964	-149.036
192	3	5	488	950	0	2.6	41.662	7.211	NA	2	NA	-90	149.036
193	3	6	478	950	0	4.9	51.662	16.492	NA	10	NA	180	-90
194	3	7	478	936	0	1	65.662	18.868	NA	14	NA	-90	90
195	3	8	482	958	0	2	88.023	16.971	NA	22.361	NA	79.695	169.695
196	3	9	484	972	0	2.6	102.165	27.857	NA	14.142	NA	81.87	2.175
197	3	10	484	974	0	1	104.165	29.732	NA	2	NA	90	8.13
198	3	11	484	992	0	1	122.165	47.074	NA	18	NA	90	0
199	3	12	484	970	0	1	144.165	26	NA	22	NA	-90	-180
200	3	13	484	958	0	1	156.165	15.62	NA	12	NA	-90	0
201	3	14	484	952	0	1	162.165	11.662	NA	6	NA	-90	0
202	3	15	486	950	0	0	164.993	8.944	NA	2.828	NA	-45	45
203	3	16	486	948	0	1	166.993	8.246	NA	2	NA	-90	-45
204	3	17	486	944	0	2	170.993	8.246	NA	4	NA	-90	0
205	3	18	486	944	0	2	170.993	8.246	NA	0	NA	0	90
206	3	19	486	958	0	1	184.993	14.422	NA	14	NA	90	90
207	3	20	486	966	0	1	192.993	21.541	NA	8	NA	90	0
208	3	21	488	972	0	1	199.318	26.683	NA	6.325	NA	71.565	-18.435
209	3	22	488	970	0	1	201.318	24.739	NA	2	NA	-90	-161.565
210	3	23	490	972	0	2.6	204.146	26.306	NA	2.828	NA	45	135
211	3	24	492	978	0	1	210.471	32.062	NA	6.325	NA	71.565	26.565
212	3	25	492	992	0	1.5	224.471	46.043	NA	14	NA	90	18.435
213	3	26	498	1020	0	2.2	253.106	74.108	NA	28.636	NA	77.905	-12.095
214	3	27	492	1000	0	1.5	273.987	54.037	NA	20.881	NA	-106.699	175.396
215	3	28	492	988	0	3.6	285.987	42.048	NA	12	NA	-90	16.699
216	3	29	492	978	0	3	295.987	32.062	NA	10	NA	-90	0
217	3	30	492	992	0	4.6	309.987	46.043	NA	14	NA	90	180
218	3	31	492	1002	0	2.2	319.987	56.036	NA	10	NA	90	0
219	3	32	494	980	0	3.6	342.078	34	NA	22.091	NA	-84.806	-174.806
220	3	33	494	1000	0	4.6	362.078	54	NA	20	NA	90	174.806
221	3	34	488	998	0	4.6	368.402	52.345	NA	6.325	NA	-161.565	108.435
222	3	35	488	988	0	3	378.402	42.426	NA	10	NA	-90	71.565
223	3	36	486	986	0	3.3	381.231	40.792	NA	2.828	NA	-135	-45
224	3	37	488	994	0	3.3	389.477	48.374	NA	8.246	NA	75.964	-149.036
225	3	38	490	1020	0	2.2	415.554	74.108	NA	26.077	NA	85.601	9.638
226	3	39	490	1034	0	2.2	429.554	88.091	NA	14	NA	90	4.399
227	3	40	496	1016	0	1.2	448.527	70.029	NA	18.974	NA	-71.565	-161.565
228	3	41	496	1016	0	1.2	448.527	70.029	NA	0	NA	0	71.565
229	3	42	496	1016	0	0.2	448.527	70.029	NA	0	NA	0	0
230	3	43	496	1026	0	1.2	458.527	80.025	NA	10	NA	90	90
231	3	44	492	1034	0	2.2	467.472	88.023	NA	8.944	NA	116.565	26.565
232	3	45	492	1038	0	1.2	471.472	92.022	NA	4	NA	90	-26.565
233	3	46	498	1052	0	1.2	486.703	106.075	NA	15.232	NA	66.801	-23.199
234	3	47	494	1040	0	2	499.352	94	NA	12.649	NA	-108.435	-175.236
235	3	48	488	1032	0	3.6	509.352	86.209	NA	10	NA	-126.87	-18.435
236	3	49	488	1030	0	3.3	511.352	84.214	NA	2	NA	-90	36.87
237	3	50	490	1026	0	4.6	515.824	80.1	NA	4.472	NA	-63.435	26.565
238	3	51	490	1026	0	4.6	515.824	80.1	NA	0	NA	0	63.435
239	3	52	490	1026	0	3.3	515.824	80.1	NA	0	NA	0	0
240	3	53	494	1036	0	2.6	526.595	90	NA	10.77	NA	68.199	68.199
241	3	54	494	1038	0	3.3	528.595	92	NA	2	NA	90	21.801
242	3	55	496	1038	0	4.8	530.595	92.022	NA	2	NA	0	-90
243	3	56	486	1046	0	9.2	543.401	100.319	NA	12.806	NA	141.34	141.34
244	3	57	484	1052	0	9.2	549.726	106.471	NA	6.325	NA	108.435	-32.905
245	3	58	488	1080	0	13.8	578.01	134.134	NA	28.284	NA	81.87	-26.565
246	3	59	488	1082	0	6.8	580.01	136.132	NA	2	NA	90	8.13
247	3	60	482	1086	0	8.2	587.221	140.513	NA	7.211	NA	146.31	56.31
248	3	61	482	1086	0	4.8	587.221	140.513	NA	0	NA	0	-146.31
249	3	62	480	1086	0	4.8	589.221	140.698	NA	2	NA	180	180
250	3	63	480	1086	0	4.6	589.221	140.698	NA	0	NA	0	-180
251	3	64	478	1088	0	4.8	592.049	142.899	NA	2.828	NA	135	135
252	3	65	476	1104	0	5.6	608.174	159.022	NA	16.125	NA	97.125	-37.875
253	3	66	476	1098	0	3.3	614.174	153.062	NA	6	NA	-90	172.875
254	3	67	476	1098	0	2.2	614.174	153.062	NA	0	NA	0	90
255	3	68	472	1106	0	2	623.118	161.505	NA	8.944	NA	116.565	116.565
256	3	69	478	1102	0	2.2	630.329	156.818	NA	7.211	NA	-33.69	-150.255
257	3	70	480	1128	0	2.2	656.406	182.538	NA	26.077	NA	85.601	119.291
258	3	71	480	1152	0	1.4	680.406	206.475	NA	24	NA	90	4.399
259	3	72	472	1142	0	2.2	693.212	197.231	NA	12.806	NA	-128.66	141.34
260	3	73	470	1122	0	4.6	713.312	177.629	NA	20.1	NA	-95.711	32.949
261	3	74	468	1102	0	3.3	733.412	158.152	NA	20.1	NA	-95.711	0
262	3	75	468	1098	0	4.8	737.412	154.208	NA	4	NA	-90	5.711
263	3	76	466	1092	0	6.8	743.736	148.661	NA	6.325	NA	-108.435	-18.435
264	3	77	466	1134	0	9	785.736	190.074	NA	42	NA	90	-161.565
265	3	78	466	1164	0	6.8	815.736	219.791	NA	30	NA	90	0
266	3	79	466	1172	0	5.8	823.736	227.728	NA	8	NA	90	0
267	3	80	466	1194	0	5.8	845.736	249.576	NA	22	NA	90	0
268	3	81	466	1184	0	4.8	855.736	239.641	NA	10	NA	-90	-180
269	3	82	464	1166	0	6.8	873.847	222.036	NA	18.111	NA	-96.34	-6.34
270	3	83	464	1200	0	9.1	907.847	255.766	NA	34	NA	90	-173.66
271	3	84	464	1234	0	15.1	941.847	289.558	NA	34	NA	90	0
272	3	85	464	1258	0	18.6	965.847	313.439	NA	24	NA	90	0
273	3	86	464	1258	0	12.4	965.847	313.439	NA	0	NA	0	-90
274	3	87	462	1280	0	13.6	987.938	335.529	NA	22.091	NA	95.194	95.194
275	3	88	462	1318	0	12.6	1025.938	373.374	NA	38	NA	90	-5.194
276	3	89	462	1302	0	11.4	1041.938	357.435	NA	16	NA	-90	-180
277	3	90	452	1300	0	11.6	1052.136	356.483	NA	10.198	NA	-168.69	-78.69
278	3	91	440	1300	0	8.3	1064.136	358.095	NA	12	NA	180	-11.31
279	3	92	442	1332	0	6.6	1096.198	389.487	NA	32.062	NA	86.424	-93.576
280	3	93	436	1332	0	6	1102.198	390.333	NA	6	NA	180	93.576
281	3	94	442	1336	0	4.4	1109.409	393.451	NA	7.211	NA	33.69	-146.31
282	3	95	464	1334	0	4.8	1131.5	389.158	NA	22.091	NA	-5.194	-38.884
283	3	96	444	1330	0	4.8	1151.896	387.242	NA	20.396	NA	-168.69	-163.496
284	3	97	444	1332	0	4.8	1153.896	389.225	NA	2	NA	90	-101.31
285	3	98	444	1330	0	4.6	1155.896	387.242	NA	2	NA	-90	-180
286	3	99	412	1364	0	8.2	1202.587	425.967	NA	46.69	NA	133.264	-136.736
287	3	100	420	1396	0	5.8	1235.572	456.044	NA	32.985	NA	75.964	-57.301
288	3	101	420	1408	0	16	1247.572	467.889	NA	12	NA	90	14.036
289	3	102	420	1412	0	13	1251.572	471.839	NA	4	NA	90	0
290	3	103	396	1456	0	33.6	1301.691	519.33	NA	50.12	NA	118.61	28.61
291	3	104	380	1480	0	193.5	1330.536	546.033	NA	28.844	NA	123.69	5.08
292	3	105	352	1484	0	23	1358.82	556.424	NA	28.284	NA	171.87	48.18
293	3	106	332	1484	0	11.4	1378.82	561.861	NA	20	NA	180	8.13
294	3	107	304	1504	0	10.6	1413.229	589.461	NA	34.409	NA	144.462	-35.538
295	3	108	272	1544	0	11.4	1464.454	637.878	NA	51.225	NA	128.66	-15.803
296	3	109	272	1544	0	13.7	1464.454	637.878	NA	0	NA	0	-128.66
297	3	110	272	1544	0	25.6	1464.454	637.878	NA	0	NA	0	0
298	3	111	268	1576	0	207.1	1496.703	669.31	NA	32.249	NA	97.125	97.125
